0 26180 23345 14176 15778 18137 20999 24186 27586 10956 12963 15749 18975 22451 26078 7889 10500 13793 17385 21124 24945 28814 5250 8693 12472 16357 20287 24240 4000 8000 12000 16000 20000 24000 5250 8693 12472 16357 20287
26180 0 19815 26018 22704 19648 16988 14938 13774 24413 20846 17468 14411 11926 10430 23199 19410 15727 12243 9189 7141 7039 22439 18496 14582 10733 7054 4039 22180 18180 14180 10180 6180 2180 22439 18496 14582 10733 7054
23345 19815 0 12472 8693 5250 3400 5250 8693 13793 10500 7889 6800 7889 10500 15749 12963 10956 10200 10956 12963 15749 18137 15778 14176 13600 14176 15778 20809 18788 17464 17000 17464 18788 23668 21913 20788 20400 20788
14176 26018 12472 0 4000 8000 12000 16000 20000 3400 5250 8693 12472 16357 20287 6800 7889 10500 13793 17385 21124 24945 10200 10956 12963 15749 18975 22451 13600 14176 15778 18137 20999 24186 17000 17464 18788 20809 23345
15778 22704 8693 4000 0 4000 8000 12000 16000 5250 3400 5250 8693 12472 16357 7889 6800 7889 10500 13793 17385 21124 10956 10200 10956 12963 15749 18975 14176 13600 14176 15778 18137 20999 17464 17000 17464 18788 20809
18137 19648 5250 8000 4000 0 4000 8000 12000 8693 5250 3400 5250 8693 12472 10500 7889 6800 7889 10500 13793 17385 12963 10956 10200 10956 12963 15749 15778 14176 13600 14176 15778 18137 18788 17464 17000 17464 18788
20999 16988 3400 12000 8000 4000 0 4000 8000 12472 8693 5250 3400 5250 8693 13793 10500 7889 6800 7889 10500 13793 15749 12963 10956 10200 10956 12963 18137 15778 14176 13600 14176 15778 20809 18788 17464 17000 17464
24186 14938 5250 16000 12000 8000 4000 0 4000 16357 12472 8693 5250 3400 5250 17385 13793 10500 7889 6800 7889 10500 18975 15749 12963 10956 10200 10956 20999 18137 15778 14176 13600 14176 23345 20809 18788 17464 17000
27586 13774 8693 20000 16000 12000 8000 4000 0 20287 16357 12472 8693 5250 3400 21124 17385 13793 10500 7889 6800 7889 22451 18975 15749 12963 10956 10200 24186 20999 18137 15778 14176 13600 26249 23345 20809 18788 17464
10956 24413 13793 3400 5250 8693 12472 16357 20287 0 4000 8000 12000 16000 20000 3400 5250 8693 12472 16357 20287 24240 6800 7889 10500 13793 17385 21124 10200 10956 12963 15749 18975 22451 13600 14176 15778 18137 20999
12963 20846 10500 5250 3400 5250 8693 12472 16357 4000 0 4000 8000 12000 16000 5250 3400 5250 8693 12472 16357 20287 7889 6800 7889 10500 13793 17385 10956 10200 10956 12963 15749 18975 14176 13600 14176 15778 18137
15749 17468 7889 8693 5250 3400 5250 8693 12472 8000 4000 0 4000 8000 12000 8693 5250 3400 5250 8693 12472 16357 10500 7889 6800 7889 10500 13793 12963 10956 10200 10956 12963 15749 15778 14176 13600 14176 15778
18975 14411 6800 12472 8693 5250 3400 5250 8693 12000 8000 4000 0 4000 8000 12472 8693 5250 3400 5250 8693 12472 13793 10500 7889 6800 7889 10500 15749 12963 10956 10200 10956 12963 18137 15778 14176 13600 14176
22451 11926 7889 16357 12472 8693 5250 3400 5250 16000 12000 8000 4000 0 4000 16357 12472 8693 5250 3400 5250 8693 17385 13793 10500 7889 6800 7889 18975 15749 12963 10956 10200 10956 20999 18137 15778 14176 13600
26078 10430 10500 20287 16357 12472 8693 5250 3400 20000 16000 12000 8000 4000 0 20287 16357 12472 8693 5250 3400 5250 21124 17385 13793 10500 7889 6800 22451 18975 15749 12963 10956 10200 24186 20999 18137 15778 14176
7889 23199 15749 6800 7889 10500 13793 17385 21124 3400 5250 8693 12472 16357 20287 0 4000 8000 12000 16000 20000 24000 3400 5250 8693 12472 16357 20287 6800 7889 10500 13793 17385 21124 10200 10956 12963 15749 18975
10500 19410 12963 7889 6800 7889 10500 13793 17385 5250 3400 5250 8693 12472 16357 4000 0 4000 8000 12000 16000 20000 5250 3400 5250 8693 12472 16357 7889 6800 7889 10500 13793 17385 10956 10200 10956 12963 15749
13793 15727 10956 10500 7889 6800 7889 10500 13793 8693 5250 3400 5250 8693 12472 8000 4000 0 4000 8000 12000 16000 8693 5250 3400 5250 8693 12472 10500 7889 6800 7889 10500 13793 12963 10956 10200 10956 12963
17385 12243 10200 13793 10500 7889 6800 7889 10500 12472 8693 5250 3400 5250 8693 12000 8000 4000 0 4000 8000 12000 12472 8693 5250 3400 5250 8693 13793 10500 7889 6800 7889 10500 15749 12963 10956 10200 10956
21124 9189 10956 17385 13793 10500 7889 6800 7889 16357 12472 8693 5250 3400 5250 16000 12000 8000 4000 0 4000 8000 16357 12472 8693 5250 3400 5250 17385 13793 10500 7889 6800 7889 18975 15749 12963 10956 10200
24945 7141 12963 21124 17385 13793 10500 7889 6800 20287 16357 12472 8693 5250 3400 20000 16000 12000 8000 4000 0 4000 20287 16357 12472 8693 5250 3400 21124 17385 13793 10500 7889 6800 22451 18975 15749 12963 10956
28814 7039 15749 24945 21124 17385 13793 10500 7889 24240 20287 16357 12472 8693 5250 24000 20000 16000 12000 8000 4000 0 24240 20287 16357 12472 8693 5250 24945 21124 17385 13793 10500 7889 26078 22451 18975 15749 12963
5250 22439 18137 10200 10956 12963 15749 18975 22451 6800 7889 10500 13793 17385 21124 3400 5250 8693 12472 16357 20287 24240 0 4000 8000 12000 16000 20000 3400 5250 8693 12472 16357 20287 6800 7889 10500 13793 17385
8693 18496 15778 10956 10200 10956 12963 15749 18975 7889 6800 7889 10500 13793 17385 5250 3400 5250 8693 12472 16357 20287 4000 0 4000 8000 12000 16000 5250 3400 5250 8693 12472 16357 7889 6800 7889 10500 13793
12472 14582 14176 12963 10956 10200 10956 12963 15749 10500 7889 6800 7889 10500 13793 8693 5250 3400 5250 8693 12472 16357 8000 4000 0 4000 8000 12000 8693 5250 3400 5250 8693 12472 10500 7889 6800 7889 10500
16357 10733 13600 15749 12963 10956 10200 10956 12963 13793 10500 7889 6800 7889 10500 12472 8693 5250 3400 5250 8693 12472 12000 8000 4000 0 4000 8000 12472 8693 5250 3400 5250 8693 13793 10500 7889 6800 7889
20287 7054 14176 18975 15749 12963 10956 10200 10956 17385 13793 10500 7889 6800 7889 16357 12472 8693 5250 3400 5250 8693 16000 12000 8000 4000 0 4000 16357 12472 8693 5250 3400 5250 17385 13793 10500 7889 6800
24240 4039 15778 22451 18975 15749 12963 10956 10200 21124 17385 13793 10500 7889 6800 20287 16357 12472 8693 5250 3400 5250 20000 16000 12000 8000 4000 0 20287 16357 12472 8693 5250 3400 21124 17385 13793 10500 7889
4000 22180 20809 13600 14176 15778 18137 20999 24186 10200 10956 12963 15749 18975 22451 6800 7889 10500 13793 17385 21124 24945 3400 5250 8693 12472 16357 20287 0 4000 8000 12000 16000 20000 3400 5250 8693 12472 16357
8000 18180 18788 14176 13600 14176 15778 18137 20999 10956 10200 10956 12963 15749 18975 7889 6800 7889 10500 13793 17385 21124 5250 3400 5250 8693 12472 16357 4000 0 4000 8000 12000 16000 5250 3400 5250 8693 12472
12000 14180 17464 15778 14176 13600 14176 15778 18137 12963 10956 10200 10956 12963 15749 10500 7889 6800 7889 10500 13793 17385 8693 5250 3400 5250 8693 12472 8000 4000 0 4000 8000 12000 8693 5250 3400 5250 8693
16000 10180 17000 18137 15778 14176 13600 14176 15778 15749 12963 10956 10200 10956 12963 13793 10500 7889 6800 7889 10500 13793 12472 8693 5250 3400 5250 8693 12000 8000 4000 0 4000 8000 12472 8693 5250 3400 5250
20000 6180 17464 20999 18137 15778 14176 13600 14176 18975 15749 12963 10956 10200 10956 17385 13793 10500 7889 6800 7889 10500 16357 12472 8693 5250 3400 5250 16000 12000 8000 4000 0 4000 16357 12472 8693 5250 3400
24000 2180 18788 24186 20999 18137 15778 14176 13600 22451 18975 15749 12963 10956 10200 21124 17385 13793 10500 7889 6800 7889 20287 16357 12472 8693 5250 3400 20000 16000 12000 8000 4000 0 20287 16357 12472 8693 5250
5250 22439 23668 17000 17464 18788 20809 23345 26249 13600 14176 15778 18137 20999 24186 10200 10956 12963 15749 18975 22451 26078 6800 7889 10500 13793 17385 21124 3400 5250 8693 12472 16357 20287 0 4000 8000 12000 16000
8693 18496 21913 17464 17000 17464 18788 20809 23345 14176 13600 14176 15778 18137 20999 10956 10200 10956 12963 15749 18975 22451 7889 6800 7889 10500 13793 17385 5250 3400 5250 8693 12472 16357 4000 0 4000 8000 12000
12472 14582 20788 18788 17464 17000 17464 18788 20809 15778 14176 13600 14176 15778 18137 12963 10956 10200 10956 12963 15749 18975 10500 7889 6800 7889 10500 13793 8693 5250 3400 5250 8693 12472 8000 4000 0 4000 8000
16357 10733 20400 20809 18788 17464 17000 17464 18788 18137 15778 14176 13600 14176 15778 15749 12963 10956 10200 10956 12963 15749 13793 10500 7889 6800 7889 10500 12472 8693 5250 3400 5250 8693 12000 8000 4000 0 4000
20287 7054 20788 23345 20809 18788 17464 17000 17464 20999 18137 15778 14176 13600 14176 18975 15749 12963 10956 10200 10956 12963 17385 13793 10500 7889 6800 7889 16357 12472 8693 5250 3400 5250 16000 12000 8000 4000 0
