0 17304 42249 46054 49889 53749 57628 29800 33586 37417 41280 45167 49072 52991 56921 21124 24945 28814 32715 36637 40574 44522 12472 16357 20287 24240 4000 8000 12000 5250 3400 5250 17385 13793 10500 7889 22451 18975 15749 12963 20999
17304 0 26459 29961 33574 37267 41017 14780 17889 21298 24883 28579 32347 132988 165137 7315 9544 12675 16193 19895 116666 164493 6300 3641 4339 7510 13304 9304 5304 21573 17635 13731 33991 30082 26201 182257 38673 189588 203663 230275 242393
42249 26459 0 4000 8000 12000 16000 12472 8693 5250 3400 5250 8693 12472 16357 21124 17385 13793 10500 7889 6800 7889 29800 26078 22451 18975 38483 34770 31128 47170 43463 39812 59600 55858 52155 48499 64548 60848 57188 124142 97213
46054 29961 4000 0 4000 8000 12000 16357 12472 8693 5250 3400 5250 8693 12472 24945 21124 17385 13793 10500 7889 6800 33586 29800 26078 22451 42249 38483 34770 50922 47170 43463 63373 59600 55858 52155 68282 64548 60848 166358 157814
49889 33574 8000 4000 0 4000 8000 20287 16357 12472 8693 5250 3400 5250 8693 28814 24945 21124 17385 13793 10500 7889 37417 33586 29800 26078 46054 42249 38483 54708 50922 47170 67173 63373 59600 55858 72045 68282 73689 217147 225840
53749 37267 12000 8000 4000 0 4000 24240 20287 16357 12472 8693 5250 3400 5250 32715 28814 24945 21124 17385 13793 10500 41280 37417 33586 29800 49889 46054 42249 58523 54708 50922 70994 67173 63373 59600 75832 72045 134281 285201 310449
57628 41017 16000 12000 8000 4000 0 28206 24240 20287 16357 12472 8693 5250 3400 36637 32715 28814 24945 21124 17385 13793 45167 41280 37417 33586 53749 49889 46054 62362 58523 54708 74834 70994 67173 98975 79639 75832 232137 371023 396762
29800 14780 12472 16357 20287 24240 28206 0 4000 8000 12000 16000 20000 24000 28000 8693 5250 3400 5250 8693 12472 16357 17385 13793 10500 7889 26078 22451 18975 34770 31128 27586 47170 43463 39812 36235 52155 48499 44902 55012 50024
33586 17889 8693 12472 16357 20287 24240 4000 0 4000 8000 12000 16000 20000 24000 12472 8693 5250 3400 5250 8693 12472 21124 17385 13793 10500 29800 26078 22451 38483 34770 31128 50922 47170 43463 39812 55858 52155 48499 103374 72526
37417 21298 5250 8693 12472 16357 20287 8000 4000 0 4000 8000 12000 16000 20000 16357 12472 8693 5250 3400 5250 8693 24945 21124 17385 13793 33586 29800 26078 42249 38483 34770 54708 50922 47170 43463 59600 55858 52155 150825 140713
41280 24883 3400 5250 8693 12472 16357 12000 8000 4000 0 4000 8000 12000 16000 20287 16357 12472 8693 5250 3400 5250 28814 24945 21124 17385 37417 33586 29800 46054 42249 38483 58523 54708 50922 47170 63373 59600 73088 208455 217147
45167 28579 5250 3400 5250 8693 12472 16000 12000 8000 4000 0 4000 8000 12000 24240 20287 16357 12472 8693 5250 3400 32715 28814 24945 21124 41280 37417 33586 49889 46054 42249 62362 58523 54708 61813 67173 63373 150933 289879 315417
49072 32347 8693 5250 3400 5250 8693 20000 16000 12000 8000 4000 0 4000 8000 28206 24240 20287 16357 12472 8693 5250 36637 32715 28814 24945 45167 41280 37417 53749 49889 46054 66219 62362 58523 140396 70994 67173 303443 375190 401123
52991 132988 12472 8693 5250 3400 5250 24000 20000 16000 12000 8000 4000 0 4000 32180 28206 24240 20287 16357 12472 8693 40574 36637 32715 28814 49072 45167 41280 57628 53749 49889 70093 66219 62362 331859 74834 334705 379484 426910 459037
56921 165137 16357 12472 8693 5250 3400 28000 24000 20000 16000 12000 8000 4000 0 36160 32180 28206 24240 20287 16357 12472 44522 40574 36637 32715 52991 49072 45167 61522 57628 157214 73980 70726 214309 388313 261344 400786 441660 484247 521054
21124 7315 21124 24945 28814 32715 36637 8693 12472 16357 20287 24240 28206 32180 36160 0 4000 8000 12000 16000 20000 24000 8693 5250 3400 5250 17385 13793 10500 26078 22451 18975 38483 34770 31128 27586 43463 39812 36235 32757 41378
24945 9544 17385 21124 24945 28814 32715 5250 8693 12472 16357 20287 24240 28206 32180 4000 0 4000 8000 12000 16000 20000 12472 8693 5250 3400 21124 17385 13793 29800 26078 22451 42249 38483 34770 31128 47170 43463 39812 77666 44902
28814 12675 13793 17385 21124 24945 28814 3400 5250 8693 12472 16357 20287 24240 28206 8000 4000 0 4000 8000 12000 16000 16357 12472 8693 5250 24945 21124 17385 33586 29800 26078 46054 42249 38483 34770 50922 47170 43463 132889 121004
32715 16193 10500 13793 17385 21124 24945 5250 3400 5250 8693 12472 16357 20287 24240 12000 8000 4000 0 4000 8000 12000 20287 16357 12472 8693 28814 24945 21124 37417 33586 29800 49889 46054 42249 38483 54708 50922 76492 199762 208455
36637 19895 7889 10500 13793 17385 21124 8693 5250 3400 5250 8693 12472 16357 20287 16000 12000 8000 4000 0 4000 8000 24240 20287 16357 12472 32715 28814 24945 41280 37417 33586 53749 49889 46054 77851 58523 54708 187060 301638 326011
40574 116666 6800 7889 10500 13793 17385 12472 8693 5250 3400 5250 8693 12472 16357 20000 16000 12000 8000 4000 0 4000 28206 24240 20287 16357 36637 32715 28814 45167 41280 37417 57628 53749 49889 307467 62362 310578 345342 385101 410114
44522 164493 7889 6800 7889 10500 13793 16357 12472 8693 5250 3400 5250 8693 12472 24000 20000 16000 12000 8000 4000 0 32180 28206 24240 20287 40574 36637 32715 49072 68259 179958 61596 131147 236898 375841 282863 388313 416987 449612 478894
12472 6300 29800 33586 37417 41280 45167 17385 21124 24945 28814 32715 36637 40574 44522 8693 12472 16357 20287 24240 28206 32180 0 4000 8000 12000 8693 5250 3400 17385 13793 10500 29800 26078 22451 18975 34770 31128 27586 24186 32757
16357 3641 26078 29800 33586 37417 41280 13793 17385 21124 24945 28814 32715 36637 40574 5250 8693 12472 16357 20287 24240 28206 4000 0 4000 8000 12472 8693 5250 21124 17385 13793 33586 29800 26078 22451 38483 34770 31128 41219 36235
20287 4339 22451 26078 29800 33586 37417 10500 13793 17385 21124 24945 28814 32715 36637 3400 5250 8693 12472 16357 20287 24240 8000 4000 0 4000 16357 12472 8693 24945 21124 17385 37417 33586 29800 26078 42249 38483 34770 110903 97168
24240 7510 18975 22451 26078 29800 33586 7889 10500 13793 17385 21124 24945 28814 32715 5250 3400 5250 8693 12472 16357 20287 12000 8000 4000 0 20287 16357 12472 28814 24945 21124 41280 37417 33586 29800 46054 42249 88046 191070 199762
4000 13304 38483 42249 46054 49889 53749 26078 29800 33586 37417 41280 45167 49072 52991 17385 21124 24945 28814 32715 36637 40574 8693 12472 16357 20287 0 4000 8000 8693 5250 3400 21124 17385 13793 10500 26078 22451 18975 15749 24186
8000 9304 34770 38483 42249 46054 49889 22451 26078 29800 33586 37417 41280 45167 49072 13793 17385 21124 24945 28814 32715 36637 5250 8693 12472 16357 4000 0 4000 12472 8693 5250 24945 21124 17385 13793 29800 26078 22451 18975 27586
12000 5304 31128 34770 38483 42249 46054 18975 22451 26078 29800 33586 37417 41280 45167 10500 13793 17385 21124 24945 28814 32715 3400 5250 8693 12472 8000 4000 0 16357 12472 8693 28814 24945 21124 17385 33586 29800 26078 80923 66085
5250 21573 47170 50922 54708 58523 62362 34770 38483 42249 46054 49889 53749 57628 61522 26078 29800 33586 37417 41280 45167 49072 17385 21124 24945 28814 8693 12472 16357 0 4000 8000 12472 8693 5250 3400 17385 13793 10500 7889 15749
3400 17635 43463 47170 50922 54708 58523 31128 34770 38483 42249 46054 49889 53749 57628 22451 26078 29800 33586 37417 41280 68259 13793 17385 21124 24945 5250 8693 12472 4000 0 4000 16357 12472 8693 5250 21124 17385 13793 10500 18975
5250 13731 39812 43463 47170 50922 54708 27586 31128 34770 38483 42249 46054 49889 157214 18975 22451 26078 29800 33586 37417 179958 10500 13793 17385 21124 3400 5250 8693 8000 4000 0 20287 16357 12472 8693 24945 21124 17385 27427 22451
17385 33991 59600 63373 67173 70994 74834 47170 50922 54708 58523 62362 66219 70093 73980 38483 42249 46054 49889 53749 57628 61596 29800 33586 37417 41280 21124 24945 28814 12472 16357 20287 0 4000 8000 12000 5250 3400 5250 8693 6800
13793 30082 55858 59600 63373 67173 70994 43463 47170 50922 54708 58523 62362 66219 70726 34770 38483 42249 46054 49889 53749 131147 26078 29800 33586 37417 17385 21124 24945 8693 12472 16357 4000 0 4000 8000 8693 5250 3400 5250 7889
10500 26201 52155 55858 59600 63373 67173 39812 43463 47170 50922 54708 58523 62362 214309 31128 34770 38483 42249 46054 49889 236898 22451 26078 29800 33586 13793 17385 21124 5250 8693 12472 8000 4000 0 4000 12472 8693 5250 3400 10500
7889 182257 48499 52155 55858 59600 98975 36235 39812 43463 47170 61813 140396 331859 388313 27586 31128 34770 38483 77851 307467 375841 18975 22451 26078 29800 10500 13793 17385 3400 5250 8693 12000 8000 4000 0 16357 12472 8693 5250 13793
22451 38673 64548 68282 72045 75832 79639 52155 55858 59600 63373 67173 70994 74834 261344 43463 47170 50922 54708 58523 62362 282863 34770 38483 42249 46054 26078 29800 33586 17385 21124 24945 5250 8693 12472 16357 0 4000 8000 12000 5250
18975 189588 60848 64548 68282 72045 75832 48499 52155 55858 59600 63373 67173 334705 400786 39812 43463 47170 50922 54708 310578 388313 31128 34770 38483 42249 22451 26078 29800 13793 17385 21124 3400 5250 8693 12472 4000 0 4000 8000 3400
15749 203663 57188 60848 73689 134281 232137 44902 48499 52155 73088 150933 303443 379484 441660 36235 39812 43463 76492 187060 345342 416987 27586 31128 34770 88046 18975 22451 26078 10500 13793 17385 5250 3400 5250 8693 8000 4000 0 4000 5250
12963 230275 124142 166358 217147 285201 371023 55012 103374 150825 208455 289879 375190 426910 484247 32757 77666 132889 199762 301638 385101 449612 24186 41219 110903 191070 15749 18975 80923 7889 10500 27427 8693 5250 3400 5250 12000 8000 4000 0 8693
20999 242393 97213 157814 225840 310449 396762 50024 72526 140713 217147 315417 401123 459037 521054 41378 44902 121004 208455 326011 410114 478894 32757 36235 97168 199762 24186 27586 66085 15749 18975 22451 6800 7889 10500 13793 5250 3400 5250 8693 0
