NAME: block_48
TYPE: TSP
COMMENT: Water block sampling points with virtual node for Path TSP
DIMENSION: 60
EDGE_WEIGHT_TYPE: EXPLICIT
EDGE_WEIGHT_FORMAT: FULL_MATRIX
EDGE_WEIGHT_SECTION
0 48314 10956 7889 10500 40574 5250 8693 12472 16357 20287 24240 28206 32180 36160 40144 44131 48120 4000 8000 12000 16000 20000 24000 28000 32000 36000 40000 44000 5250 8693 12472 16357 20287 24240 28206 32180 36160 40144 7889 10500 13793 17385 21124 24945 28814 32715 10956 12963 15749 18975 22451 26078 14176 15778 18137 20999 17464 18788 0
48314 0 195504 44832 40883 10741 44444 40457 36473 32492 28517 24550 20596 16664 12775 8982 5493 3414 44314 40314 36314 32314 28314 24314 20314 16314 12314 8314 4314 44444 40457 36473 32492 28517 24550 20596 16664 12775 8982 44832 40883 36945 33022 29119 25247 21422 17674 45473 41584 37719 33885 30095 26367 46354 42546 38777 35059 47463 43752 0
10956 195504 0 3400 5250 321499 6800 7889 10500 13793 44941 122889 147333 171252 194689 217663 240187 258357 10200 10956 12963 15749 18975 22451 53633 124539 142296 159806 177094 13600 14176 15778 18137 20999 24186 27586 31128 62326 129676 17000 17464 18788 20809 23345 26249 29411 32757 20400 20788 21913 23668 25926 28569 23800 24134 25109 26654 27200 27493 12345000
7889 44832 3400 0 4000 234515 3400 5250 8693 12472 16357 20287 24240 28206 32180 36160 42299 56005 6800 7889 10500 13793 17385 21124 24945 28814 32715 36637 40574 10200 10956 12963 15749 18975 22451 26078 29800 33586 37417 13600 14176 15778 18137 20999 24186 27586 31128 17000 17464 18788 20809 23345 26249 20400 20788 21913 23668 23800 24134 12345000
10500 40883 5250 4000 0 230515 5250 3400 5250 8693 12472 16357 20287 24240 39498 54213 67688 80290 7889 6800 7889 10500 13793 17385 21124 24945 28814 32715 36637 10956 10200 10956 12963 15749 18975 22451 26078 29800 33586 14176 13600 14176 15778 18137 20999 24186 27586 17464 17000 17464 18788 20809 23345 20788 20400 20788 21913 24134 23800 12345000
40574 10741 321499 234515 230515 0 36160 32180 28206 24240 20287 16357 12472 8693 5250 3400 5250 8693 36637 32715 28814 24945 21124 17385 13793 10500 7889 6800 7889 37417 33586 29800 26078 22451 18975 15749 12963 10956 10200 38483 34770 31128 27586 24186 20999 18137 15778 39812 36235 32757 29411 26249 23345 41378 37949 34643 31499 43156 39880 12345000
5250 44444 6800 3400 5250 36160 0 4000 8000 12000 16000 20000 24000 28000 32000 36000 40000 44000 3400 5250 8693 12472 16357 20287 24240 28206 32180 36160 40144 6800 7889 10500 13793 17385 21124 24945 28814 32715 36637 10200 10956 12963 15749 18975 22451 26078 29800 13600 14176 15778 18137 20999 24186 17000 17464 18788 20809 20400 20788 12345000
8693 40457 7889 5250 3400 32180 4000 0 4000 8000 12000 16000 20000 24000 28000 32000 36000 40000 5250 3400 5250 8693 12472 16357 20287 24240 28206 32180 36160 7889 6800 7889 10500 13793 17385 21124 24945 28814 32715 10956 10200 10956 12963 15749 18975 22451 26078 14176 13600 14176 15778 18137 20999 17464 17000 17464 18788 20788 20400 12345000
12472 36473 10500 8693 5250 28206 8000 4000 0 4000 8000 12000 16000 20000 24000 28000 32000 36000 8693 5250 3400 5250 8693 12472 16357 20287 24240 28206 32180 10500 7889 6800 7889 10500 13793 17385 21124 24945 28814 12963 10956 10200 10956 12963 15749 18975 22451 15778 14176 13600 14176 15778 18137 18788 17464 17000 17464 21913 20788 12345000
16357 32492 13793 12472 8693 24240 12000 8000 4000 0 4000 8000 12000 16000 20000 24000 28000 32000 12472 8693 5250 3400 5250 8693 12472 16357 20287 24240 28206 13793 10500 7889 6800 7889 10500 13793 17385 21124 24945 15749 12963 10956 10200 10956 12963 15749 18975 18137 15778 14176 13600 14176 15778 20809 18788 17464 17000 23668 21913 12345000
20287 28517 44941 16357 12472 20287 16000 12000 8000 4000 0 4000 8000 12000 16000 20000 24000 28000 16357 12472 8693 5250 3400 5250 8693 12472 16357 20287 24240 17385 13793 10500 7889 6800 7889 10500 13793 17385 21124 18975 15749 12963 10956 10200 10956 12963 15749 20999 18137 15778 14176 13600 14176 23345 20809 18788 17464 25926 23668 12345000
24240 24550 122889 20287 16357 16357 20000 16000 12000 8000 4000 0 4000 8000 12000 16000 20000 24000 20287 16357 12472 8693 5250 3400 5250 8693 12472 16357 20287 21124 17385 13793 10500 7889 6800 7889 10500 13793 17385 22451 18975 15749 12963 10956 10200 10956 12963 24186 20999 18137 15778 14176 13600 26249 23345 20809 18788 28569 25926 12345000
28206 20596 147333 24240 20287 12472 24000 20000 16000 12000 8000 4000 0 4000 8000 12000 16000 20000 24240 20287 16357 12472 8693 5250 3400 5250 8693 12472 16357 24945 21124 17385 13793 10500 7889 6800 7889 10500 13793 26078 22451 18975 15749 12963 10956 10200 10956 27586 24186 20999 18137 15778 14176 29411 26249 23345 20809 31499 28569 12345000
32180 16664 171252 28206 24240 8693 28000 24000 20000 16000 12000 8000 4000 0 4000 8000 12000 16000 28206 24240 20287 16357 12472 8693 5250 3400 5250 8693 12472 28814 24945 21124 17385 13793 10500 7889 6800 7889 10500 29800 26078 22451 18975 15749 12963 10956 10200 31128 27586 24186 20999 18137 15778 32757 29411 26249 23345 34643 31499 12345000
36160 12775 194689 32180 39498 5250 32000 28000 24000 20000 16000 12000 8000 4000 0 4000 8000 12000 32180 28206 24240 20287 16357 12472 8693 5250 3400 5250 8693 32715 28814 24945 21124 17385 13793 10500 7889 6800 7889 33586 29800 26078 22451 18975 15749 12963 10956 34770 31128 27586 24186 20999 18137 36235 32757 29411 26249 37949 34643 12345000
40144 8982 217663 36160 54213 3400 36000 32000 28000 24000 20000 16000 12000 8000 4000 0 4000 8000 36160 32180 28206 24240 20287 16357 12472 8693 5250 3400 5250 36637 32715 28814 24945 21124 17385 13793 10500 7889 6800 37417 33586 29800 26078 22451 18975 15749 12963 38483 34770 31128 27586 24186 20999 39812 36235 32757 29411 41378 37949 12345000
44131 5493 240187 42299 67688 5250 40000 36000 32000 28000 24000 20000 16000 12000 8000 4000 0 4000 40144 36160 32180 28206 24240 20287 16357 12472 8693 5250 3400 40574 36637 32715 28814 24945 21124 17385 13793 10500 7889 41280 37417 33586 29800 26078 22451 18975 15749 42249 38483 34770 31128 27586 24186 43463 39812 36235 32757 44902 41378 12345000
48120 3414 258357 56005 80290 8693 44000 40000 36000 32000 28000 24000 20000 16000 12000 8000 4000 0 44131 40144 36160 32180 28206 24240 20287 16357 12472 8693 5250 44522 40574 36637 32715 28814 24945 21124 17385 13793 10500 45167 41280 37417 33586 29800 26078 22451 18975 46054 42249 38483 34770 31128 27586 47170 43463 39812 36235 48499 44902 12345000
4000 44314 10200 6800 7889 36637 3400 5250 8693 12472 16357 20287 24240 28206 32180 36160 40144 44131 0 4000 8000 12000 16000 20000 24000 28000 32000 36000 40000 3400 5250 8693 12472 16357 20287 24240 28206 32180 36160 6800 7889 10500 13793 17385 21124 24945 28814 10200 10956 12963 15749 18975 22451 13600 14176 15778 18137 17000 17464 12345000
8000 40314 10956 7889 6800 32715 5250 3400 5250 8693 12472 16357 20287 24240 28206 32180 36160 40144 4000 0 4000 8000 12000 16000 20000 24000 28000 32000 36000 5250 3400 5250 8693 12472 16357 20287 24240 28206 32180 7889 6800 7889 10500 13793 17385 21124 24945 10956 10200 10956 12963 15749 18975 14176 13600 14176 15778 17464 17000 12345000
12000 36314 12963 10500 7889 28814 8693 5250 3400 5250 8693 12472 16357 20287 24240 28206 32180 36160 8000 4000 0 4000 8000 12000 16000 20000 24000 28000 32000 8693 5250 3400 5250 8693 12472 16357 20287 24240 28206 10500 7889 6800 7889 10500 13793 17385 21124 12963 10956 10200 10956 12963 15749 15778 14176 13600 14176 18788 17464 12345000
16000 32314 15749 13793 10500 24945 12472 8693 5250 3400 5250 8693 12472 16357 20287 24240 28206 32180 12000 8000 4000 0 4000 8000 12000 16000 20000 24000 28000 12472 8693 5250 3400 5250 8693 12472 16357 20287 24240 13793 10500 7889 6800 7889 10500 13793 17385 15749 12963 10956 10200 10956 12963 18137 15778 14176 13600 20809 18788 12345000
20000 28314 18975 17385 13793 21124 16357 12472 8693 5250 3400 5250 8693 12472 16357 20287 24240 28206 16000 12000 8000 4000 0 4000 8000 12000 16000 20000 24000 16357 12472 8693 5250 3400 5250 8693 12472 16357 20287 17385 13793 10500 7889 6800 7889 10500 13793 18975 15749 12963 10956 10200 10956 20999 18137 15778 14176 23345 20809 12345000
24000 24314 22451 21124 17385 17385 20287 16357 12472 8693 5250 3400 5250 8693 12472 16357 20287 24240 20000 16000 12000 8000 4000 0 4000 8000 12000 16000 20000 20287 16357 12472 8693 5250 3400 5250 8693 12472 16357 21124 17385 13793 10500 7889 6800 7889 10500 22451 18975 15749 12963 10956 10200 24186 20999 18137 15778 26249 23345 12345000
28000 20314 53633 24945 21124 13793 24240 20287 16357 12472 8693 5250 3400 5250 8693 12472 16357 20287 24000 20000 16000 12000 8000 4000 0 4000 8000 12000 16000 24240 20287 16357 12472 8693 5250 3400 5250 8693 12472 24945 21124 17385 13793 10500 7889 6800 7889 26078 22451 18975 15749 12963 10956 27586 24186 20999 18137 29411 26249 12345000
32000 16314 124539 28814 24945 10500 28206 24240 20287 16357 12472 8693 5250 3400 5250 8693 12472 16357 28000 24000 20000 16000 12000 8000 4000 0 4000 8000 12000 28206 24240 20287 16357 12472 8693 5250 3400 5250 8693 28814 24945 21124 17385 13793 10500 7889 6800 29800 26078 22451 18975 15749 12963 31128 27586 24186 20999 32757 29411 12345000
36000 12314 142296 32715 28814 7889 32180 28206 24240 20287 16357 12472 8693 5250 3400 5250 8693 12472 32000 28000 24000 20000 16000 12000 8000 4000 0 4000 8000 32180 28206 24240 20287 16357 12472 8693 5250 3400 5250 32715 28814 24945 21124 17385 13793 10500 7889 33586 29800 26078 22451 18975 15749 34770 31128 27586 24186 36235 32757 12345000
40000 8314 159806 36637 32715 6800 36160 32180 28206 24240 20287 16357 12472 8693 5250 3400 5250 8693 36000 32000 28000 24000 20000 16000 12000 8000 4000 0 4000 36160 32180 28206 24240 20287 16357 12472 8693 5250 3400 36637 32715 28814 24945 21124 17385 13793 10500 37417 33586 29800 26078 22451 18975 38483 34770 31128 27586 39812 36235 12345000
44000 4314 177094 40574 36637 7889 40144 36160 32180 28206 24240 20287 16357 12472 8693 5250 3400 5250 40000 36000 32000 28000 24000 20000 16000 12000 8000 4000 0 40144 36160 32180 28206 24240 20287 16357 12472 8693 5250 40574 36637 32715 28814 24945 21124 17385 13793 41280 37417 33586 29800 26078 22451 42249 38483 34770 31128 43463 39812 12345000
5250 44444 13600 10200 10956 37417 6800 7889 10500 13793 17385 21124 24945 28814 32715 36637 40574 44522 3400 5250 8693 12472 16357 20287 24240 28206 32180 36160 40144 0 4000 8000 12000 16000 20000 24000 28000 32000 36000 3400 5250 8693 12472 16357 20287 24240 28206 6800 7889 10500 13793 17385 21124 10200 10956 12963 15749 13600 14176 12345000
8693 40457 14176 10956 10200 33586 7889 6800 7889 10500 13793 17385 21124 24945 28814 32715 36637 40574 5250 3400 5250 8693 12472 16357 20287 24240 28206 32180 36160 4000 0 4000 8000 12000 16000 20000 24000 28000 32000 5250 3400 5250 8693 12472 16357 20287 24240 7889 6800 7889 10500 13793 17385 10956 10200 10956 12963 14176 13600 12345000
12472 36473 15778 12963 10956 29800 10500 7889 6800 7889 10500 13793 17385 21124 24945 28814 32715 36637 8693 5250 3400 5250 8693 12472 16357 20287 24240 28206 32180 8000 4000 0 4000 8000 12000 16000 20000 24000 28000 8693 5250 3400 5250 8693 12472 16357 20287 10500 7889 6800 7889 10500 13793 12963 10956 10200 10956 15778 14176 12345000
16357 32492 18137 15749 12963 26078 13793 10500 7889 6800 7889 10500 13793 17385 21124 24945 28814 32715 12472 8693 5250 3400 5250 8693 12472 16357 20287 24240 28206 12000 8000 4000 0 4000 8000 12000 16000 20000 24000 12472 8693 5250 3400 5250 8693 12472 16357 13793 10500 7889 6800 7889 10500 15749 12963 10956 10200 18137 15778 12345000
20287 28517 20999 18975 15749 22451 17385 13793 10500 7889 6800 7889 10500 13793 17385 21124 24945 28814 16357 12472 8693 5250 3400 5250 8693 12472 16357 20287 24240 16000 12000 8000 4000 0 4000 8000 12000 16000 20000 16357 12472 8693 5250 3400 5250 8693 12472 17385 13793 10500 7889 6800 7889 18975 15749 12963 10956 20999 18137 12345000
24240 24550 24186 22451 18975 18975 21124 17385 13793 10500 7889 6800 7889 10500 13793 17385 21124 24945 20287 16357 12472 8693 5250 3400 5250 8693 12472 16357 20287 20000 16000 12000 8000 4000 0 4000 8000 12000 16000 20287 16357 12472 8693 5250 3400 5250 8693 21124 17385 13793 10500 7889 6800 22451 18975 15749 12963 24186 20999 12345000
28206 20596 27586 26078 22451 15749 24945 21124 17385 13793 10500 7889 6800 7889 10500 13793 17385 21124 24240 20287 16357 12472 8693 5250 3400 5250 8693 12472 16357 24000 20000 16000 12000 8000 4000 0 4000 8000 12000 24240 20287 16357 12472 8693 5250 3400 5250 24945 21124 17385 13793 10500 7889 26078 22451 18975 15749 27586 24186 12345000
32180 16664 31128 29800 26078 12963 28814 24945 21124 17385 13793 10500 7889 6800 7889 10500 13793 17385 28206 24240 20287 16357 12472 8693 5250 3400 5250 8693 12472 28000 24000 20000 16000 12000 8000 4000 0 4000 8000 28206 24240 20287 16357 12472 8693 5250 3400 28814 24945 21124 17385 13793 10500 29800 26078 22451 18975 31128 27586 12345000
36160 12775 62326 33586 29800 10956 32715 28814 24945 21124 17385 13793 10500 7889 6800 7889 10500 13793 32180 28206 24240 20287 16357 12472 8693 5250 3400 5250 8693 32000 28000 24000 20000 16000 12000 8000 4000 0 4000 32180 28206 24240 20287 16357 12472 8693 5250 32715 28814 24945 21124 17385 13793 33586 29800 26078 22451 34770 31128 12345000
40144 8982 129676 37417 33586 10200 36637 32715 28814 24945 21124 17385 13793 10500 7889 6800 7889 10500 36160 32180 28206 24240 20287 16357 12472 8693 5250 3400 5250 36000 32000 28000 24000 20000 16000 12000 8000 4000 0 36160 32180 28206 24240 20287 16357 12472 8693 36637 32715 28814 24945 21124 17385 37417 33586 29800 26078 38483 34770 12345000
7889 44832 17000 13600 14176 38483 10200 10956 12963 15749 18975 22451 26078 29800 33586 37417 41280 45167 6800 7889 10500 13793 17385 21124 24945 28814 32715 36637 40574 3400 5250 8693 12472 16357 20287 24240 28206 32180 36160 0 4000 8000 12000 16000 20000 24000 28000 3400 5250 8693 12472 16357 20287 6800 7889 10500 13793 10200 10956 12345000
10500 40883 17464 14176 13600 34770 10956 10200 10956 12963 15749 18975 22451 26078 29800 33586 37417 41280 7889 6800 7889 10500 13793 17385 21124 24945 28814 32715 36637 5250 3400 5250 8693 12472 16357 20287 24240 28206 32180 4000 0 4000 8000 12000 16000 20000 24000 5250 3400 5250 8693 12472 16357 7889 6800 7889 10500 10956 10200 12345000
13793 36945 18788 15778 14176 31128 12963 10956 10200 10956 12963 15749 18975 22451 26078 29800 33586 37417 10500 7889 6800 7889 10500 13793 17385 21124 24945 28814 32715 8693 5250 3400 5250 8693 12472 16357 20287 24240 28206 8000 4000 0 4000 8000 12000 16000 20000 8693 5250 3400 5250 8693 12472 10500 7889 6800 7889 12963 10956 12345000
17385 33022 20809 18137 15778 27586 15749 12963 10956 10200 10956 12963 15749 18975 22451 26078 29800 33586 13793 10500 7889 6800 7889 10500 13793 17385 21124 24945 28814 12472 8693 5250 3400 5250 8693 12472 16357 20287 24240 12000 8000 4000 0 4000 8000 12000 16000 12472 8693 5250 3400 5250 8693 13793 10500 7889 6800 15749 12963 12345000
21124 29119 23345 20999 18137 24186 18975 15749 12963 10956 10200 10956 12963 15749 18975 22451 26078 29800 17385 13793 10500 7889 6800 7889 10500 13793 17385 21124 24945 16357 12472 8693 5250 3400 5250 8693 12472 16357 20287 16000 12000 8000 4000 0 4000 8000 12000 16357 12472 8693 5250 3400 5250 17385 13793 10500 7889 18975 15749 12345000
24945 25247 26249 24186 20999 20999 22451 18975 15749 12963 10956 10200 10956 12963 15749 18975 22451 26078 21124 17385 13793 10500 7889 6800 7889 10500 13793 17385 21124 20287 16357 12472 8693 5250 3400 5250 8693 12472 16357 20000 16000 12000 8000 4000 0 4000 8000 20287 16357 12472 8693 5250 3400 21124 17385 13793 10500 22451 18975 12345000
28814 21422 29411 27586 24186 18137 26078 22451 18975 15749 12963 10956 10200 10956 12963 15749 18975 22451 24945 21124 17385 13793 10500 7889 6800 7889 10500 13793 17385 24240 20287 16357 12472 8693 5250 3400 5250 8693 12472 24000 20000 16000 12000 8000 4000 0 4000 24240 20287 16357 12472 8693 5250 24945 21124 17385 13793 26078 22451 12345000
32715 17674 32757 31128 27586 15778 29800 26078 22451 18975 15749 12963 10956 10200 10956 12963 15749 18975 28814 24945 21124 17385 13793 10500 7889 6800 7889 10500 13793 28206 24240 20287 16357 12472 8693 5250 3400 5250 8693 28000 24000 20000 16000 12000 8000 4000 0 28206 24240 20287 16357 12472 8693 28814 24945 21124 17385 29800 26078 12345000
10956 45473 20400 17000 17464 39812 13600 14176 15778 18137 20999 24186 27586 31128 34770 38483 42249 46054 10200 10956 12963 15749 18975 22451 26078 29800 33586 37417 41280 6800 7889 10500 13793 17385 21124 24945 28814 32715 36637 3400 5250 8693 12472 16357 20287 24240 28206 0 4000 8000 12000 16000 20000 3400 5250 8693 12472 6800 7889 12345000
12963 41584 20788 17464 17000 36235 14176 13600 14176 15778 18137 20999 24186 27586 31128 34770 38483 42249 10956 10200 10956 12963 15749 18975 22451 26078 29800 33586 37417 7889 6800 7889 10500 13793 17385 21124 24945 28814 32715 5250 3400 5250 8693 12472 16357 20287 24240 4000 0 4000 8000 12000 16000 5250 3400 5250 8693 7889 6800 12345000
15749 37719 21913 18788 17464 32757 15778 14176 13600 14176 15778 18137 20999 24186 27586 31128 34770 38483 12963 10956 10200 10956 12963 15749 18975 22451 26078 29800 33586 10500 7889 6800 7889 10500 13793 17385 21124 24945 28814 8693 5250 3400 5250 8693 12472 16357 20287 8000 4000 0 4000 8000 12000 8693 5250 3400 5250 10500 7889 12345000
18975 33885 23668 20809 18788 29411 18137 15778 14176 13600 14176 15778 18137 20999 24186 27586 31128 34770 15749 12963 10956 10200 10956 12963 15749 18975 22451 26078 29800 13793 10500 7889 6800 7889 10500 13793 17385 21124 24945 12472 8693 5250 3400 5250 8693 12472 16357 12000 8000 4000 0 4000 8000 12472 8693 5250 3400 13793 10500 12345000
22451 30095 25926 23345 20809 26249 20999 18137 15778 14176 13600 14176 15778 18137 20999 24186 27586 31128 18975 15749 12963 10956 10200 10956 12963 15749 18975 22451 26078 17385 13793 10500 7889 6800 7889 10500 13793 17385 21124 16357 12472 8693 5250 3400 5250 8693 12472 16000 12000 8000 4000 0 4000 16357 12472 8693 5250 17385 13793 12345000
26078 26367 28569 26249 23345 23345 24186 20999 18137 15778 14176 13600 14176 15778 18137 20999 24186 27586 22451 18975 15749 12963 10956 10200 10956 12963 15749 18975 22451 21124 17385 13793 10500 7889 6800 7889 10500 13793 17385 20287 16357 12472 8693 5250 3400 5250 8693 20000 16000 12000 8000 4000 0 20287 16357 12472 8693 21124 17385 12345000
14176 46354 23800 20400 20788 41378 17000 17464 18788 20809 23345 26249 29411 32757 36235 39812 43463 47170 13600 14176 15778 18137 20999 24186 27586 31128 34770 38483 42249 10200 10956 12963 15749 18975 22451 26078 29800 33586 37417 6800 7889 10500 13793 17385 21124 24945 28814 3400 5250 8693 12472 16357 20287 0 4000 8000 12000 3400 5250 12345000
15778 42546 24134 20788 20400 37949 17464 17000 17464 18788 20809 23345 26249 29411 32757 36235 39812 43463 14176 13600 14176 15778 18137 20999 24186 27586 31128 34770 38483 10956 10200 10956 12963 15749 18975 22451 26078 29800 33586 7889 6800 7889 10500 13793 17385 21124 24945 5250 3400 5250 8693 12472 16357 4000 0 4000 8000 5250 3400 12345000
18137 38777 25109 21913 20788 34643 18788 17464 17000 17464 18788 20809 23345 26249 29411 32757 36235 39812 15778 14176 13600 14176 15778 18137 20999 24186 27586 31128 34770 12963 10956 10200 10956 12963 15749 18975 22451 26078 29800 10500 7889 6800 7889 10500 13793 17385 21124 8693 5250 3400 5250 8693 12472 8000 4000 0 4000 8693 5250 12345000
20999 35059 26654 23668 21913 31499 20809 18788 17464 17000 17464 18788 20809 23345 26249 29411 32757 36235 18137 15778 14176 13600 14176 15778 18137 20999 24186 27586 31128 15749 12963 10956 10200 10956 12963 15749 18975 22451 26078 13793 10500 7889 6800 7889 10500 13793 17385 12472 8693 5250 3400 5250 8693 12000 8000 4000 0 12472 8693 12345000
17464 47463 27200 23800 24134 43156 20400 20788 21913 23668 25926 28569 31499 34643 37949 41378 44902 48499 17000 17464 18788 20809 23345 26249 29411 32757 36235 39812 43463 13600 14176 15778 18137 20999 24186 27586 31128 34770 38483 10200 10956 12963 15749 18975 22451 26078 29800 6800 7889 10500 13793 17385 21124 3400 5250 8693 12472 0 4000 12345000
18788 43752 27493 24134 23800 39880 20788 20400 20788 21913 23668 25926 28569 31499 34643 37949 41378 44902 17464 17000 17464 18788 20809 23345 26249 29411 32757 36235 39812 14176 13600 14176 15778 18137 20999 24186 27586 31128 34770 10956 10200 10956 12963 15749 18975 22451 26078 7889 6800 7889 10500 13793 17385 5250 3400 5250 8693 4000 0 12345000
0 0 12345000 12345000 12345000 12345000 12345000 12345000 12345000 12345000 12345000 12345000 12345000 12345000 12345000 12345000 12345000 12345000 12345000 12345000 12345000 12345000 12345000 12345000 12345000 12345000 12345000 12345000 12345000 12345000 12345000 12345000 12345000 12345000 12345000 12345000 12345000 12345000 12345000 12345000 12345000 12345000 12345000 12345000 12345000 12345000 12345000 12345000 12345000 12345000 12345000 12345000 12345000 12345000 12345000 12345000 12345000 12345000 12345000 0
EOF
