NAME: block_32
TYPE: TSP
COMMENT: Water block sampling points with virtual node for Path TSP
DIMENSION: 57
EDGE_WEIGHT_TYPE: EXPLICIT
EDGE_WEIGHT_FORMAT: FULL_MATRIX
EDGE_WEIGHT_SECTION
0 174125 251586 243920 237281 232874 230057 228412 227660 4000 8000 133010 137010 141010 145010 149010 153010 157010 161010 165010 169010 3400 5250 8693 12472 16357 20287 24240 28206 38422 52367 64373 74998 84594 6800 7889 10500 13793 17385 21124 24945 28814 32715 36637 40574 10200 10956 12963 15749 18975 22451 26078 29800 13600 14176 15778 0
174125 0 29313 25344 21387 17450 13549 9729 6142 170125 166125 41115 37115 33115 29115 25115 21115 17115 13115 9115 5115 65204 61210 57216 53224 49233 45243 41256 37271 33289 29313 25344 21387 17450 65469 61492 57519 53549 49584 45625 41674 37733 33806 29899 26020 65909 61961 58019 54086 50163 46254 42362 38491 66520 62610 58712 0
251586 29313 0 4000 8000 12000 16000 20000 24000 240190 226907 12472 8693 5250 3400 5250 8693 12472 16357 20287 24240 183815 154190 28814 24945 21124 17385 13793 10500 7889 6800 7889 10500 13793 37417 33586 29800 26078 22451 18975 15749 12963 10956 10200 10956 38483 34770 31128 27586 24186 20999 18137 15778 39812 36235 32757 12345000
243920 25344 4000 0 4000 8000 12000 16000 20000 230589 214709 16357 12472 8693 5250 3400 5250 8693 12472 16357 20287 147202 36637 32715 28814 24945 21124 17385 13793 10500 7889 6800 7889 10500 41280 37417 33586 29800 26078 22451 18975 15749 12963 10956 10200 42249 38483 34770 31128 27586 24186 20999 18137 43463 39812 36235 12345000
237281 21387 8000 4000 0 4000 8000 12000 16000 223515 207341 20287 16357 12472 8693 5250 3400 5250 8693 12472 16357 110259 40574 36637 32715 28814 24945 21124 17385 13793 10500 7889 6800 7889 45167 41280 37417 33586 29800 26078 22451 18975 15749 12963 10956 46054 42249 38483 34770 31128 27586 24186 20999 47170 43463 39812 12345000
232874 17450 12000 8000 4000 0 4000 8000 12000 219077 203110 24240 20287 16357 12472 8693 5250 3400 5250 8693 12472 59310 44522 40574 36637 32715 28814 24945 21124 17385 13793 10500 7889 6800 49072 45167 41280 37417 33586 29800 26078 22451 18975 15749 12963 49889 46054 42249 38483 34770 31128 27586 24186 50922 47170 43463 12345000
230057 13549 16000 12000 8000 4000 0 4000 8000 216428 200872 28206 24240 20287 16357 12472 8693 5250 3400 5250 8693 52443 48479 44522 40574 36637 32715 28814 24945 21124 17385 13793 10500 7889 52991 49072 45167 41280 37417 33586 29800 26078 22451 18975 15749 53749 49889 46054 42249 38483 34770 31128 27586 54708 50922 47170 12345000
228412 9729 20000 16000 12000 8000 4000 0 4000 215049 199981 32180 28206 24240 20287 16357 12472 8693 5250 3400 5250 56411 52443 48479 44522 40574 36637 32715 28814 24945 21124 17385 13793 10500 56921 52991 49072 45167 41280 37417 33586 29800 26078 22451 18975 57628 53749 49889 46054 42249 38483 34770 31128 58523 54708 50922 12345000
227660 6142 24000 20000 16000 12000 8000 4000 0 214606 200041 36160 32180 28206 24240 20287 16357 12472 8693 5250 3400 60384 56411 52443 48479 44522 40574 36637 32715 28814 24945 21124 17385 13793 60861 56921 52991 49072 45167 41280 37417 33586 29800 26078 22451 61522 57628 53749 49889 46054 42249 38483 34770 62362 58523 54708 12345000
4000 170125 240190 230589 223515 219077 216428 215049 214606 0 4000 129010 133010 137010 141010 145010 149010 153010 157010 161010 165010 5250 3400 5250 8693 12472 16357 20287 36259 52134 64996 75972 85659 94412 7889 6800 7889 10500 13793 17385 21124 24945 28814 32715 36637 10956 10200 10956 12963 15749 18975 22451 26078 14176 13600 14176 12345000
8000 166125 226907 214709 207341 203110 200872 199981 200041 4000 0 125010 129010 133010 137010 141010 145010 149010 153010 157010 161010 8693 5250 3400 5250 8693 12472 43422 60210 72516 82687 91570 99577 106945 10500 7889 6800 7889 10500 13793 17385 21124 24945 45278 59780 12963 10956 10200 10956 12963 15749 18975 22451 15778 14176 13600 12345000
133010 41115 12472 16357 20287 24240 28206 32180 36160 129010 125010 0 4000 8000 12000 16000 20000 24000 28000 32000 36000 35071 20287 16357 12472 8693 5250 3400 5250 8693 12472 16357 20287 24240 24945 21124 17385 13793 10500 7889 6800 7889 10500 13793 17385 26078 22451 18975 15749 12963 10956 10200 10956 27586 24186 20999 12345000
137010 37115 8693 12472 16357 20287 24240 28206 32180 133010 129010 4000 0 4000 8000 12000 16000 20000 24000 28000 32000 28206 24240 20287 16357 12472 8693 5250 3400 5250 8693 12472 16357 20287 28814 24945 21124 17385 13793 10500 7889 6800 7889 10500 13793 29800 26078 22451 18975 15749 12963 10956 10200 31128 27586 24186 12345000
141010 33115 5250 8693 12472 16357 20287 24240 28206 137010 133010 8000 4000 0 4000 8000 12000 16000 20000 24000 28000 32180 28206 24240 20287 16357 12472 8693 5250 3400 5250 8693 12472 16357 32715 28814 24945 21124 17385 13793 10500 7889 6800 7889 10500 33586 29800 26078 22451 18975 15749 12963 10956 34770 31128 27586 12345000
145010 29115 3400 5250 8693 12472 16357 20287 24240 141010 137010 12000 8000 4000 0 4000 8000 12000 16000 20000 24000 36160 32180 28206 24240 20287 16357 12472 8693 5250 3400 5250 8693 12472 36637 32715 28814 24945 21124 17385 13793 10500 7889 6800 7889 37417 33586 29800 26078 22451 18975 15749 12963 38483 34770 31128 12345000
149010 25115 5250 3400 5250 8693 12472 16357 20287 145010 141010 16000 12000 8000 4000 0 4000 8000 12000 16000 20000 40144 36160 32180 28206 24240 20287 16357 12472 8693 5250 3400 5250 8693 40574 36637 32715 28814 24945 21124 17385 13793 10500 7889 6800 41280 37417 33586 29800 26078 22451 18975 15749 42249 38483 34770 12345000
153010 21115 8693 5250 3400 5250 8693 12472 16357 149010 145010 20000 16000 12000 8000 4000 0 4000 8000 12000 16000 44131 40144 36160 32180 28206 24240 20287 16357 12472 8693 5250 3400 5250 44522 40574 36637 32715 28814 24945 21124 17385 13793 10500 7889 45167 41280 37417 33586 29800 26078 22451 18975 46054 42249 38483 12345000
157010 17115 12472 8693 5250 3400 5250 8693 12472 153010 149010 24000 20000 16000 12000 8000 4000 0 4000 8000 12000 48120 44131 40144 36160 32180 28206 24240 20287 16357 12472 8693 5250 3400 48479 44522 40574 36637 32715 28814 24945 21124 17385 13793 10500 49072 45167 41280 37417 33586 29800 26078 22451 49889 46054 42249 12345000
161010 13115 16357 12472 8693 5250 3400 5250 8693 157010 153010 28000 24000 20000 16000 12000 8000 4000 0 4000 8000 52111 48120 44131 40144 36160 32180 28206 24240 20287 16357 12472 8693 5250 52443 48479 44522 40574 36637 32715 28814 24945 21124 17385 13793 52991 49072 45167 41280 37417 33586 29800 26078 53749 49889 46054 12345000
165010 9115 20287 16357 12472 8693 5250 3400 5250 161010 157010 32000 28000 24000 20000 16000 12000 8000 4000 0 4000 56103 52111 48120 44131 40144 36160 32180 28206 24240 20287 16357 12472 8693 56411 52443 48479 44522 40574 36637 32715 28814 24945 21124 17385 56921 52991 49072 45167 41280 37417 33586 29800 57628 53749 49889 12345000
169010 5115 24240 20287 16357 12472 8693 5250 3400 165010 161010 36000 32000 28000 24000 20000 16000 12000 8000 4000 0 60096 56103 52111 48120 44131 40144 36160 32180 28206 24240 20287 16357 12472 60384 56411 52443 48479 44522 40574 36637 32715 28814 24945 21124 60861 56921 52991 49072 45167 41280 37417 33586 61522 57628 53749 12345000
3400 65204 183815 147202 110259 59310 52443 56411 60384 5250 8693 35071 28206 32180 36160 40144 44131 48120 52111 56103 60096 0 4000 8000 12000 16000 20000 24000 28000 32000 36000 40000 44000 48000 3400 5250 8693 12472 16357 20287 24240 28206 32180 36160 40144 6800 7889 10500 13793 17385 21124 24945 28814 10200 10956 12963 12345000
5250 61210 154190 36637 40574 44522 48479 52443 56411 3400 5250 20287 24240 28206 32180 36160 40144 44131 48120 52111 56103 4000 0 4000 8000 12000 16000 20000 24000 28000 32000 36000 40000 44000 5250 3400 5250 8693 12472 16357 20287 24240 28206 32180 36160 7889 6800 7889 10500 13793 17385 21124 24945 10956 10200 10956 12345000
8693 57216 28814 32715 36637 40574 44522 48479 52443 5250 3400 16357 20287 24240 28206 32180 36160 40144 44131 48120 52111 8000 4000 0 4000 8000 12000 16000 20000 24000 28000 32000 36000 40000 8693 5250 3400 5250 8693 12472 16357 20287 24240 28206 32180 10500 7889 6800 7889 10500 13793 17385 21124 12963 10956 10200 12345000
12472 53224 24945 28814 32715 36637 40574 44522 48479 8693 5250 12472 16357 20287 24240 28206 32180 36160 40144 44131 48120 12000 8000 4000 0 4000 8000 12000 16000 20000 24000 28000 32000 36000 12472 8693 5250 3400 5250 8693 12472 16357 20287 24240 28206 13793 10500 7889 6800 7889 10500 13793 17385 15749 12963 10956 12345000
16357 49233 21124 24945 28814 32715 36637 40574 44522 12472 8693 8693 12472 16357 20287 24240 28206 32180 36160 40144 44131 16000 12000 8000 4000 0 4000 8000 12000 16000 20000 24000 28000 32000 16357 12472 8693 5250 3400 5250 8693 12472 16357 20287 24240 17385 13793 10500 7889 6800 7889 10500 13793 18975 15749 12963 12345000
20287 45243 17385 21124 24945 28814 32715 36637 40574 16357 12472 5250 8693 12472 16357 20287 24240 28206 32180 36160 40144 20000 16000 12000 8000 4000 0 4000 8000 12000 16000 20000 24000 28000 20287 16357 12472 8693 5250 3400 5250 8693 12472 16357 20287 21124 17385 13793 10500 7889 6800 7889 10500 22451 18975 15749 12345000
24240 41256 13793 17385 21124 24945 28814 32715 36637 20287 43422 3400 5250 8693 12472 16357 20287 24240 28206 32180 36160 24000 20000 16000 12000 8000 4000 0 4000 8000 12000 16000 20000 24000 24240 20287 16357 12472 8693 5250 3400 5250 8693 12472 16357 24945 21124 17385 13793 10500 7889 6800 7889 26078 22451 18975 12345000
28206 37271 10500 13793 17385 21124 24945 28814 32715 36259 60210 5250 3400 5250 8693 12472 16357 20287 24240 28206 32180 28000 24000 20000 16000 12000 8000 4000 0 4000 8000 12000 16000 20000 28206 24240 20287 16357 12472 8693 5250 3400 5250 8693 12472 28814 24945 21124 17385 13793 10500 7889 6800 29800 26078 22451 12345000
38422 33289 7889 10500 13793 17385 21124 24945 28814 52134 72516 8693 5250 3400 5250 8693 12472 16357 20287 24240 28206 32000 28000 24000 20000 16000 12000 8000 4000 0 4000 8000 12000 16000 32180 28206 24240 20287 16357 12472 8693 5250 3400 5250 8693 32715 28814 24945 21124 17385 13793 10500 7889 33586 29800 26078 12345000
52367 29313 6800 7889 10500 13793 17385 21124 24945 64996 82687 12472 8693 5250 3400 5250 8693 12472 16357 20287 24240 36000 32000 28000 24000 20000 16000 12000 8000 4000 0 4000 8000 12000 36160 32180 28206 24240 20287 16357 12472 8693 5250 3400 5250 36637 32715 28814 24945 21124 17385 13793 10500 37417 33586 29800 12345000
64373 25344 7889 6800 7889 10500 13793 17385 21124 75972 91570 16357 12472 8693 5250 3400 5250 8693 12472 16357 20287 40000 36000 32000 28000 24000 20000 16000 12000 8000 4000 0 4000 8000 40144 36160 32180 28206 24240 20287 16357 12472 8693 5250 3400 40574 36637 32715 28814 24945 21124 17385 13793 41280 37417 33586 12345000
74998 21387 10500 7889 6800 7889 10500 13793 17385 85659 99577 20287 16357 12472 8693 5250 3400 5250 8693 12472 16357 44000 40000 36000 32000 28000 24000 20000 16000 12000 8000 4000 0 4000 44131 40144 36160 32180 28206 24240 20287 16357 12472 8693 5250 44522 40574 36637 32715 28814 24945 21124 17385 45167 41280 37417 12345000
84594 17450 13793 10500 7889 6800 7889 10500 13793 94412 106945 24240 20287 16357 12472 8693 5250 3400 5250 8693 12472 48000 44000 40000 36000 32000 28000 24000 20000 16000 12000 8000 4000 0 48120 44131 40144 36160 32180 28206 24240 20287 16357 12472 8693 48479 44522 40574 36637 32715 28814 24945 21124 49072 45167 41280 12345000
6800 65469 37417 41280 45167 49072 52991 56921 60861 7889 10500 24945 28814 32715 36637 40574 44522 48479 52443 56411 60384 3400 5250 8693 12472 16357 20287 24240 28206 32180 36160 40144 44131 48120 0 4000 8000 12000 16000 20000 24000 28000 32000 36000 40000 3400 5250 8693 12472 16357 20287 24240 28206 6800 7889 10500 12345000
7889 61492 33586 37417 41280 45167 49072 52991 56921 6800 7889 21124 24945 28814 32715 36637 40574 44522 48479 52443 56411 5250 3400 5250 8693 12472 16357 20287 24240 28206 32180 36160 40144 44131 4000 0 4000 8000 12000 16000 20000 24000 28000 32000 36000 5250 3400 5250 8693 12472 16357 20287 24240 7889 6800 7889 12345000
10500 57519 29800 33586 37417 41280 45167 49072 52991 7889 6800 17385 21124 24945 28814 32715 36637 40574 44522 48479 52443 8693 5250 3400 5250 8693 12472 16357 20287 24240 28206 32180 36160 40144 8000 4000 0 4000 8000 12000 16000 20000 24000 28000 32000 8693 5250 3400 5250 8693 12472 16357 20287 10500 7889 6800 12345000
13793 53549 26078 29800 33586 37417 41280 45167 49072 10500 7889 13793 17385 21124 24945 28814 32715 36637 40574 44522 48479 12472 8693 5250 3400 5250 8693 12472 16357 20287 24240 28206 32180 36160 12000 8000 4000 0 4000 8000 12000 16000 20000 24000 28000 12472 8693 5250 3400 5250 8693 12472 16357 13793 10500 7889 12345000
17385 49584 22451 26078 29800 33586 37417 41280 45167 13793 10500 10500 13793 17385 21124 24945 28814 32715 36637 40574 44522 16357 12472 8693 5250 3400 5250 8693 12472 16357 20287 24240 28206 32180 16000 12000 8000 4000 0 4000 8000 12000 16000 20000 24000 16357 12472 8693 5250 3400 5250 8693 12472 17385 13793 10500 12345000
21124 45625 18975 22451 26078 29800 33586 37417 41280 17385 13793 7889 10500 13793 17385 21124 24945 28814 32715 36637 40574 20287 16357 12472 8693 5250 3400 5250 8693 12472 16357 20287 24240 28206 20000 16000 12000 8000 4000 0 4000 8000 12000 16000 20000 20287 16357 12472 8693 5250 3400 5250 8693 21124 17385 13793 12345000
24945 41674 15749 18975 22451 26078 29800 33586 37417 21124 17385 6800 7889 10500 13793 17385 21124 24945 28814 32715 36637 24240 20287 16357 12472 8693 5250 3400 5250 8693 12472 16357 20287 24240 24000 20000 16000 12000 8000 4000 0 4000 8000 12000 16000 24240 20287 16357 12472 8693 5250 3400 5250 24945 21124 17385 12345000
28814 37733 12963 15749 18975 22451 26078 29800 33586 24945 21124 7889 6800 7889 10500 13793 17385 21124 24945 28814 32715 28206 24240 20287 16357 12472 8693 5250 3400 5250 8693 12472 16357 20287 28000 24000 20000 16000 12000 8000 4000 0 4000 8000 12000 28206 24240 20287 16357 12472 8693 5250 3400 28814 24945 21124 12345000
32715 33806 10956 12963 15749 18975 22451 26078 29800 28814 24945 10500 7889 6800 7889 10500 13793 17385 21124 24945 28814 32180 28206 24240 20287 16357 12472 8693 5250 3400 5250 8693 12472 16357 32000 28000 24000 20000 16000 12000 8000 4000 0 4000 8000 32180 28206 24240 20287 16357 12472 8693 5250 32715 28814 24945 12345000
36637 29899 10200 10956 12963 15749 18975 22451 26078 32715 45278 13793 10500 7889 6800 7889 10500 13793 17385 21124 24945 36160 32180 28206 24240 20287 16357 12472 8693 5250 3400 5250 8693 12472 36000 32000 28000 24000 20000 16000 12000 8000 4000 0 4000 36160 32180 28206 24240 20287 16357 12472 8693 36637 32715 28814 12345000
40574 26020 10956 10200 10956 12963 15749 18975 22451 36637 59780 17385 13793 10500 7889 6800 7889 10500 13793 17385 21124 40144 36160 32180 28206 24240 20287 16357 12472 8693 5250 3400 5250 8693 40000 36000 32000 28000 24000 20000 16000 12000 8000 4000 0 40144 36160 32180 28206 24240 20287 16357 12472 40574 36637 32715 12345000
10200 65909 38483 42249 46054 49889 53749 57628 61522 10956 12963 26078 29800 33586 37417 41280 45167 49072 52991 56921 60861 6800 7889 10500 13793 17385 21124 24945 28814 32715 36637 40574 44522 48479 3400 5250 8693 12472 16357 20287 24240 28206 32180 36160 40144 0 4000 8000 12000 16000 20000 24000 28000 3400 5250 8693 12345000
10956 61961 34770 38483 42249 46054 49889 53749 57628 10200 10956 22451 26078 29800 33586 37417 41280 45167 49072 52991 56921 7889 6800 7889 10500 13793 17385 21124 24945 28814 32715 36637 40574 44522 5250 3400 5250 8693 12472 16357 20287 24240 28206 32180 36160 4000 0 4000 8000 12000 16000 20000 24000 5250 3400 5250 12345000
12963 58019 31128 34770 38483 42249 46054 49889 53749 10956 10200 18975 22451 26078 29800 33586 37417 41280 45167 49072 52991 10500 7889 6800 7889 10500 13793 17385 21124 24945 28814 32715 36637 40574 8693 5250 3400 5250 8693 12472 16357 20287 24240 28206 32180 8000 4000 0 4000 8000 12000 16000 20000 8693 5250 3400 12345000
15749 54086 27586 31128 34770 38483 42249 46054 49889 12963 10956 15749 18975 22451 26078 29800 33586 37417 41280 45167 49072 13793 10500 7889 6800 7889 10500 13793 17385 21124 24945 28814 32715 36637 12472 8693 5250 3400 5250 8693 12472 16357 20287 24240 28206 12000 8000 4000 0 4000 8000 12000 16000 12472 8693 5250 12345000
18975 50163 24186 27586 31128 34770 38483 42249 46054 15749 12963 12963 15749 18975 22451 26078 29800 33586 37417 41280 45167 17385 13793 10500 7889 6800 7889 10500 13793 17385 21124 24945 28814 32715 16357 12472 8693 5250 3400 5250 8693 12472 16357 20287 24240 16000 12000 8000 4000 0 4000 8000 12000 16357 12472 8693 12345000
22451 46254 20999 24186 27586 31128 34770 38483 42249 18975 15749 10956 12963 15749 18975 22451 26078 29800 33586 37417 41280 21124 17385 13793 10500 7889 6800 7889 10500 13793 17385 21124 24945 28814 20287 16357 12472 8693 5250 3400 5250 8693 12472 16357 20287 20000 16000 12000 8000 4000 0 4000 8000 20287 16357 12472 12345000
26078 42362 18137 20999 24186 27586 31128 34770 38483 22451 18975 10200 10956 12963 15749 18975 22451 26078 29800 33586 37417 24945 21124 17385 13793 10500 7889 6800 7889 10500 13793 17385 21124 24945 24240 20287 16357 12472 8693 5250 3400 5250 8693 12472 16357 24000 20000 16000 12000 8000 4000 0 4000 24240 20287 16357 12345000
29800 38491 15778 18137 20999 24186 27586 31128 34770 26078 22451 10956 10200 10956 12963 15749 18975 22451 26078 29800 33586 28814 24945 21124 17385 13793 10500 7889 6800 7889 10500 13793 17385 21124 28206 24240 20287 16357 12472 8693 5250 3400 5250 8693 12472 28000 24000 20000 16000 12000 8000 4000 0 28206 24240 20287 12345000
13600 66520 39812 43463 47170 50922 54708 58523 62362 14176 15778 27586 31128 34770 38483 42249 46054 49889 53749 57628 61522 10200 10956 12963 15749 18975 22451 26078 29800 33586 37417 41280 45167 49072 6800 7889 10500 13793 17385 21124 24945 28814 32715 36637 40574 3400 5250 8693 12472 16357 20287 24240 28206 0 4000 8000 12345000
14176 62610 36235 39812 43463 47170 50922 54708 58523 13600 14176 24186 27586 31128 34770 38483 42249 46054 49889 53749 57628 10956 10200 10956 12963 15749 18975 22451 26078 29800 33586 37417 41280 45167 7889 6800 7889 10500 13793 17385 21124 24945 28814 32715 36637 5250 3400 5250 8693 12472 16357 20287 24240 4000 0 4000 12345000
15778 58712 32757 36235 39812 43463 47170 50922 54708 14176 13600 20999 24186 27586 31128 34770 38483 42249 46054 49889 53749 12963 10956 10200 10956 12963 15749 18975 22451 26078 29800 33586 37417 41280 10500 7889 6800 7889 10500 13793 17385 21124 24945 28814 32715 8693 5250 3400 5250 8693 12472 16357 20287 8000 4000 0 12345000
0 0 12345000 12345000 12345000 12345000 12345000 12345000 12345000 12345000 12345000 12345000 12345000 12345000 12345000 12345000 12345000 12345000 12345000 12345000 12345000 12345000 12345000 12345000 12345000 12345000 12345000 12345000 12345000 12345000 12345000 12345000 12345000 12345000 12345000 12345000 12345000 12345000 12345000 12345000 12345000 12345000 12345000 12345000 12345000 12345000 12345000 12345000 12345000 12345000 12345000 12345000 12345000 12345000 12345000 12345000 0
EOF
