NAME: block_35
TYPE: TSP
COMMENT: Water block sampling points with virtual node for Path TSP
DIMENSION: 81
EDGE_WEIGHT_TYPE: EXPLICIT
EDGE_WEIGHT_FORMAT: FULL_MATRIX
EDGE_WEIGHT_SECTION
0 60101 18975 22451 26078 29800 33586 37417 10500 13793 17385 21124 24945 28814 32715 36637 40574 44522 48479 5250 8693 12472 16357 20287 24240 28206 32180 36160 40144 44131 48120 52111 4000 8000 12000 16000 20000 24000 28000 32000 36000 40000 44000 48000 52000 56000 3400 5250 8693 12472 92466 73735 61469 53171 48120 52111 56103 60096 7889 6800 7889 215563 206909 200518 172434 151169 135898 12963 10956 10200 273780 260237 249928 241990 235850 15778 14176 329435 310851 17464 0
60101 0 45265 41378 37514 33683 29895 26171 52543 48579 44622 40674 36736 32814 28912 25042 21220 17478 13881 56204 52212 48221 44232 40245 36261 32281 28306 24340 20387 16456 12570 8786 56101 52101 48101 44101 40101 36101 32101 28101 24101 20101 16101 12101 8101 4101 114301 120156 127560 136931 28306 24340 20387 16456 12570 8786 5327 3402 229525 236168 244196 21220 17478 13881 10577 7941 6801 298270 307825 319169 19060 15827 13026 10994 10201 364246 375278 18204 15830 422952 0
18975 45265 0 4000 8000 12000 16000 20000 8693 5250 3400 5250 8693 12472 16357 20287 24240 28206 32180 13793 10500 7889 6800 7889 10500 13793 17385 21124 24945 28814 32715 36637 15749 12963 10956 10200 10956 12963 15749 18975 22451 26078 29800 33586 37417 41280 20999 18137 15778 14176 20999 24186 27586 31128 34770 38483 42249 46054 26249 23345 20809 29411 32757 36235 39812 43463 47170 31499 28569 25926 34643 37949 41378 44902 48499 33800 31088 39880 43156 33762 12345000
22451 41378 4000 0 4000 8000 12000 16000 12472 8693 5250 3400 5250 8693 12472 16357 20287 24240 28206 17385 13793 10500 7889 6800 7889 10500 13793 17385 21124 24945 28814 32715 18975 15749 12963 10956 10200 10956 12963 15749 18975 22451 26078 29800 33586 37417 24186 20999 18137 15778 18137 20999 24186 27586 31128 34770 38483 42249 29411 26249 23345 26249 29411 32757 36235 39812 43463 34643 31499 28569 31499 34643 37949 41378 44902 36748 33800 36748 39880 36275 12345000
26078 37514 8000 4000 0 4000 8000 12000 16357 12472 8693 5250 3400 5250 8693 12472 16357 20287 24240 21124 17385 13793 10500 7889 6800 7889 10500 13793 17385 21124 24945 28814 22451 18975 15749 12963 10956 10200 10956 12963 15749 18975 22451 26078 29800 33586 27586 24186 20999 18137 15778 18137 20999 24186 27586 31128 34770 38483 32757 29411 26249 23345 26249 29411 32757 36235 39812 37949 34643 31499 28569 31499 34643 37949 41378 39880 36748 33800 36748 39036 12345000
29800 33683 12000 8000 4000 0 4000 8000 20287 16357 12472 8693 5250 3400 5250 8693 12472 16357 20287 24945 21124 17385 13793 10500 7889 6800 7889 10500 13793 17385 21124 24945 26078 22451 18975 15749 12963 10956 10200 10956 12963 15749 18975 22451 26078 29800 31128 27586 24186 20999 14176 15778 18137 20999 24186 27586 31128 34770 36235 32757 29411 20809 23345 26249 29411 32757 36235 41378 37949 34643 25926 28569 31499 34643 37949 43156 39880 31088 33800 152340 12345000
33586 29895 16000 12000 8000 4000 0 4000 24240 20287 16357 12472 8693 5250 3400 5250 8693 12472 16357 28814 24945 21124 17385 13793 10500 7889 6800 7889 10500 13793 17385 21124 29800 26078 22451 18975 15749 12963 10956 10200 10956 12963 15749 18975 22451 26078 34770 31128 27586 24186 13600 14176 15778 18137 20999 24186 27586 31128 39812 36235 32757 18788 20809 23345 26249 29411 32757 44902 41378 37949 23668 25926 28569 31499 34643 46545 43156 28678 31088 216653 12345000
37417 26171 20000 16000 12000 8000 4000 0 28206 24240 20287 16357 12472 8693 5250 3400 5250 8693 12472 32715 28814 24945 21124 17385 13793 10500 7889 6800 7889 10500 13793 17385 33586 29800 26078 22451 18975 15749 12963 10956 10200 10956 12963 15749 18975 22451 38483 34770 31128 27586 14176 13600 14176 15778 18137 20999 24186 27586 43463 39812 36235 17464 18788 20809 23345 26249 29411 48499 44902 41378 21913 23668 25926 28569 31499 50024 71156 26654 28678 264045 12345000
10500 52543 8693 12472 16357 20287 24240 28206 0 4000 8000 12000 16000 20000 24000 28000 32000 36000 40000 5250 3400 5250 8693 12472 16357 20287 24240 28206 32180 36160 40144 44131 7889 6800 7889 10500 13793 17385 21124 24945 28814 32715 36637 40574 44522 48479 12963 10956 10200 10956 26078 29800 33586 37417 41280 45167 49072 52991 18137 15778 14176 34770 38483 42249 46054 49889 53749 23345 20809 18788 79212 43463 47170 50922 54708 25926 23668 155105 71810 26654 12345000
13793 48579 5250 8693 12472 16357 20287 24240 4000 0 4000 8000 12000 16000 20000 24000 28000 32000 36000 8693 5250 3400 5250 8693 12472 16357 20287 24240 28206 32180 36160 40144 10500 7889 6800 7889 10500 13793 17385 21124 24945 28814 32715 36637 40574 44522 15749 12963 10956 10200 22451 26078 29800 33586 37417 41280 45167 49072 20999 18137 15778 31128 34770 38483 42249 46054 49889 26249 23345 20809 36235 39812 43463 47170 50922 28569 25926 94266 44902 28678 12345000
17385 44622 3400 5250 8693 12472 16357 20287 8000 4000 0 4000 8000 12000 16000 20000 24000 28000 32000 12472 8693 5250 3400 5250 8693 12472 16357 20287 24240 28206 32180 36160 13793 10500 7889 6800 7889 10500 13793 17385 21124 24945 28814 32715 36637 40574 18975 15749 12963 10956 18975 22451 26078 29800 33586 37417 41280 45167 24186 20999 18137 27586 31128 34770 38483 42249 46054 29411 26249 23345 32757 36235 39812 43463 47170 31499 28569 37949 41378 31088 12345000
21124 40674 5250 3400 5250 8693 12472 16357 12000 8000 4000 0 4000 8000 12000 16000 20000 24000 28000 16357 12472 8693 5250 3400 5250 8693 12472 16357 20287 24240 28206 32180 17385 13793 10500 7889 6800 7889 10500 13793 17385 21124 24945 28814 32715 36637 22451 18975 15749 12963 15749 18975 22451 26078 29800 33586 37417 41280 27586 24186 20999 24186 27586 31128 34770 38483 42249 32757 29411 26249 29411 32757 36235 39812 43463 34643 31499 34643 37949 33800 12345000
24945 36736 8693 5250 3400 5250 8693 12472 16000 12000 8000 4000 0 4000 8000 12000 16000 20000 24000 20287 16357 12472 8693 5250 3400 5250 8693 12472 16357 20287 24240 28206 21124 17385 13793 10500 7889 6800 7889 10500 13793 17385 21124 24945 28814 32715 26078 22451 18975 15749 12963 15749 18975 22451 26078 29800 33586 37417 31128 27586 24186 20999 24186 27586 31128 34770 38483 36235 32757 29411 26249 29411 32757 36235 39812 37949 34643 31499 34643 147090 12345000
28814 32814 12472 8693 5250 3400 5250 8693 20000 16000 12000 8000 4000 0 4000 8000 12000 16000 20000 24240 20287 16357 12472 8693 5250 3400 5250 8693 12472 16357 20287 24240 24945 21124 17385 13793 10500 7889 6800 7889 10500 13793 17385 21124 24945 28814 29800 26078 22451 18975 10956 12963 15749 18975 22451 26078 29800 33586 34770 31128 27586 18137 20999 24186 27586 31128 34770 39812 36235 32757 23345 26249 29411 32757 36235 41378 37949 28569 31499 217357 12345000
32715 28912 16357 12472 8693 5250 3400 5250 24000 20000 16000 12000 8000 4000 0 4000 8000 12000 16000 28206 24240 20287 16357 12472 8693 5250 3400 5250 8693 12472 16357 20287 28814 24945 21124 17385 13793 10500 7889 6800 7889 10500 13793 17385 21124 24945 33586 29800 26078 22451 10200 10956 12963 15749 18975 22451 26078 29800 38483 34770 31128 15778 18137 20999 24186 27586 31128 43463 39812 36235 20809 23345 26249 29411 32757 44902 104712 25926 28569 272348 12345000
36637 25042 20287 16357 12472 8693 5250 3400 28000 24000 20000 16000 12000 8000 4000 0 4000 8000 12000 32180 28206 24240 20287 16357 12472 8693 5250 3400 5250 8693 12472 16357 32715 28814 24945 21124 17385 13793 10500 7889 6800 7889 10500 13793 17385 21124 37417 33586 29800 26078 10956 10200 10956 12963 15749 18975 22451 26078 42249 38483 34770 14176 15778 18137 20999 24186 27586 47170 43463 105722 18788 20809 23345 26249 29411 90664 188734 23668 25926 291032 12345000
40574 21220 24240 20287 16357 12472 8693 5250 32000 28000 24000 20000 16000 12000 8000 4000 0 4000 8000 36160 32180 28206 24240 20287 16357 12472 8693 5250 3400 5250 8693 12472 36637 32715 28814 24945 21124 17385 13793 10500 7889 6800 7889 10500 13793 17385 41280 37417 33586 29800 12963 10956 10200 10956 12963 15749 18975 22451 46054 42249 38483 13600 14176 15778 18137 20999 24186 50922 47170 164682 17464 18788 20809 23345 26249 173374 218250 21913 23668 308601 12345000
44522 17478 28206 24240 20287 16357 12472 8693 36000 32000 28000 24000 20000 16000 12000 8000 4000 0 4000 40144 36160 32180 28206 24240 20287 16357 12472 8693 5250 3400 5250 8693 40574 36637 32715 28814 24945 21124 17385 13793 10500 7889 6800 7889 10500 13793 45167 41280 37417 33586 15749 12963 10956 10200 10956 12963 15749 18975 49889 46054 95258 14176 13600 14176 15778 18137 20999 54708 151491 185935 17000 17464 18788 20809 23345 202074 242189 20788 21913 325386 12345000
48479 13881 32180 28206 24240 20287 16357 12472 40000 36000 32000 28000 24000 20000 16000 12000 8000 4000 0 44131 40144 36160 32180 28206 24240 20287 16357 12472 8693 5250 3400 5250 44522 40574 36637 32715 28814 24945 21124 17385 13793 10500 7889 6800 7889 10500 49072 45167 41280 37417 18975 15749 12963 10956 10200 10956 12963 15749 53749 49889 142417 15778 14176 13600 14176 15778 18137 137921 173010 204327 17464 17000 17464 18788 20809 226655 262897 20400 20788 341544 12345000
5250 56204 13793 17385 21124 24945 28814 32715 5250 8693 12472 16357 20287 24240 28206 32180 36160 40144 44131 0 4000 8000 12000 16000 20000 24000 28000 32000 36000 40000 44000 48000 3400 5250 8693 12472 16357 20287 24240 28206 32180 36160 40144 44131 48120 52111 7889 6800 7889 10500 28814 32715 36637 40574 44522 48479 52443 56411 12963 10956 10200 93175 41280 45167 49072 52991 56921 18137 15778 14176 222330 197413 105647 53749 57628 20809 18788 276678 245193 21913 12345000
8693 52212 10500 13793 17385 21124 24945 28814 3400 5250 8693 12472 16357 20287 24240 28206 32180 36160 40144 4000 0 4000 8000 12000 16000 20000 24000 28000 32000 36000 40000 44000 5250 3400 5250 8693 12472 16357 20287 24240 28206 32180 36160 40144 44131 48120 10500 7889 6800 7889 24945 28814 32715 36637 40574 44522 48479 52443 15749 12963 10956 35917 37417 41280 45167 49072 52991 20999 18137 15778 179241 106320 46054 49889 53749 23345 20809 255052 202549 23668 12345000
12472 48221 7889 10500 13793 17385 21124 24945 5250 3400 5250 8693 12472 16357 20287 24240 28206 32180 36160 8000 4000 0 4000 8000 12000 16000 20000 24000 28000 32000 36000 40000 8693 5250 3400 5250 8693 12472 16357 20287 24240 28206 32180 36160 40144 44131 13793 10500 7889 6800 21124 24945 28814 32715 36637 40574 44522 48479 18975 15749 12963 29800 33586 37417 41280 45167 49072 24186 20999 18137 116295 39515 42249 46054 49889 26249 23345 191384 124987 25926 12345000
16357 44232 6800 7889 10500 13793 17385 21124 8693 5250 3400 5250 8693 12472 16357 20287 24240 28206 32180 12000 8000 4000 0 4000 8000 12000 16000 20000 24000 28000 32000 36000 12472 8693 5250 3400 5250 8693 12472 16357 20287 24240 28206 32180 36160 40144 17385 13793 10500 7889 17385 21124 24945 28814 32715 36637 40574 44522 22451 18975 15749 26078 29800 33586 37417 41280 45167 27586 24186 20999 59816 34770 38483 42249 46054 29411 26249 124907 51168 28569 12345000
20287 40245 7889 6800 7889 10500 13793 17385 12472 8693 5250 3400 5250 8693 12472 16357 20287 24240 28206 16000 12000 8000 4000 0 4000 8000 12000 16000 20000 24000 28000 32000 16357 12472 8693 5250 3400 5250 8693 12472 16357 20287 24240 28206 32180 36160 21124 17385 13793 10500 13793 17385 21124 24945 28814 32715 36637 40574 26078 22451 18975 22451 26078 29800 33586 37417 41280 31128 27586 24186 27586 31128 34770 38483 42249 32757 29411 40249 36235 141840 12345000
24240 36261 10500 7889 6800 7889 10500 13793 16357 12472 8693 5250 3400 5250 8693 12472 16357 20287 24240 20000 16000 12000 8000 4000 0 4000 8000 12000 16000 20000 24000 28000 20287 16357 12472 8693 5250 3400 5250 8693 12472 16357 20287 24240 28206 32180 24945 21124 17385 13793 10500 13793 17385 21124 24945 28814 32715 36637 29800 26078 22451 18975 22451 26078 29800 33586 37417 34770 31128 27586 24186 27586 31128 34770 38483 36235 40610 29411 32757 220201 12345000
28206 32281 13793 10500 7889 6800 7889 10500 20287 16357 12472 8693 5250 3400 5250 8693 12472 16357 20287 24000 20000 16000 12000 8000 4000 0 4000 8000 12000 16000 20000 24000 24240 20287 16357 12472 8693 5250 3400 5250 8693 12472 16357 20287 24240 28206 28814 24945 21124 17385 7889 10500 13793 17385 21124 24945 28814 32715 33586 29800 26078 15749 18975 22451 26078 29800 33586 38483 34770 76687 20999 24186 27586 31128 34770 60770 152274 26249 29411 272409 12345000
32180 28306 17385 13793 10500 7889 6800 7889 24240 20287 16357 12472 8693 5250 3400 5250 8693 12472 16357 28000 24000 20000 16000 12000 8000 4000 0 4000 8000 12000 16000 20000 28206 24240 20287 16357 12472 8693 5250 3400 5250 8693 12472 16357 20287 24240 32715 28814 24945 21124 6800 7889 10500 13793 17385 21124 24945 28814 37417 33586 29800 12963 15749 18975 22451 26078 29800 42249 69301 155989 18137 20999 24186 27586 31128 164682 204943 23345 26249 293032 12345000
36160 24340 21124 17385 13793 10500 7889 6800 28206 24240 20287 16357 12472 8693 5250 3400 5250 8693 12472 32000 28000 24000 20000 16000 12000 8000 4000 0 4000 8000 12000 16000 32180 28206 24240 20287 16357 12472 8693 5250 3400 5250 8693 12472 16357 20287 36637 32715 28814 24945 7889 6800 7889 10500 13793 17385 21124 24945 41280 37417 126281 10956 12963 15749 18975 22451 26078 102715 152048 181132 15778 18137 20999 24186 27586 197833 233497 20809 23345 312383 12345000
40144 20387 24945 21124 17385 13793 10500 7889 32180 28206 24240 20287 16357 12472 8693 5250 3400 5250 8693 36000 32000 28000 24000 20000 16000 12000 8000 4000 0 4000 8000 12000 36160 32180 28206 24240 20287 16357 12472 8693 5250 3400 5250 8693 12472 16357 40574 36637 32715 45087 10500 7889 6800 7889 10500 13793 17385 21124 45167 85539 143769 10200 10956 12963 15749 18975 22451 156242 175992 202210 14176 15778 18137 20999 24186 225462 257327 18788 20809 330807 12345000
44131 16456 28814 24945 21124 17385 13793 10500 36160 32180 28206 24240 20287 16357 12472 8693 5250 3400 5250 40000 36000 32000 28000 24000 20000 16000 12000 8000 4000 0 4000 8000 40144 36160 32180 28206 24240 20287 16357 12472 8693 5250 3400 5250 8693 12472 44522 40574 36637 65418 13793 10500 7889 6800 7889 10500 13793 17385 81775 124537 159127 10956 10200 10956 12963 15749 18975 178231 196893 220759 13600 14176 15778 18137 20999 249508 278299 17464 18788 348466 12345000
48120 12570 32715 28814 24945 21124 17385 13793 40144 36160 32180 28206 24240 20287 16357 12472 8693 5250 3400 44000 40000 36000 32000 28000 24000 20000 16000 12000 8000 4000 0 4000 44131 40144 36160 32180 28206 24240 20287 16357 12472 8693 5250 3400 5250 8693 48479 44522 43235 79644 17385 13793 10500 7889 6800 7889 10500 13793 113094 151975 172975 12963 10956 10200 10956 12963 15749 197975 215614 237544 14176 13600 14176 15778 18137 271032 297320 17000 17464 365448 12345000
52111 8786 36637 32715 28814 24945 21124 17385 44131 40144 36160 32180 28206 24240 20287 16357 12472 8693 5250 48000 44000 40000 36000 32000 28000 24000 20000 16000 12000 8000 4000 0 48120 44131 40144 36160 32180 28206 24240 20287 16357 12472 8693 5250 3400 5250 52443 48479 59131 91032 21124 17385 13793 10500 7889 6800 7889 10500 138133 169074 185675 15749 12963 10956 10200 10956 12963 215978 232683 252997 15778 14176 13600 14176 15778 290667 314891 17464 17000 381811 12345000
4000 56101 15749 18975 22451 26078 29800 33586 7889 10500 13793 17385 21124 24945 28814 32715 36637 40574 44522 3400 5250 8693 12472 16357 20287 24240 28206 32180 36160 40144 44131 48120 0 4000 8000 12000 16000 20000 24000 28000 32000 36000 40000 44000 48000 52000 5250 3400 5250 8693 76099 55062 42464 40144 44131 48120 52111 56103 10500 7889 6800 203201 193785 172667 139628 118555 104305 15749 12963 10956 258691 243861 232953 224802 218672 18137 15778 312391 291882 18788 12345000
8000 52101 12963 15749 18975 22451 26078 29800 6800 7889 10500 13793 17385 21124 24945 28814 32715 36637 40574 5250 3400 5250 8693 12472 16357 20287 24240 28206 32180 36160 40144 44131 4000 0 4000 8000 12000 16000 20000 24000 28000 32000 36000 40000 44000 48000 8693 5250 3400 5250 51744 29235 32180 36160 40144 44131 48120 52111 13793 10500 7889 189312 179017 127162 94399 75984 64677 18975 15749 12963 241857 225461 213942 205669 199676 20999 18137 293485 270581 20809 12345000
12000 48101 10956 12963 15749 18975 22451 26078 7889 6800 7889 10500 13793 17385 21124 24945 28814 32715 36637 8693 5250 3400 5250 8693 12472 16357 20287 24240 28206 32180 36160 40144 8000 4000 0 4000 8000 12000 16000 20000 24000 28000 32000 36000 40000 44000 12472 8693 5250 3400 20287 24240 28206 32180 36160 40144 44131 48120 17385 13793 10500 173334 113167 43901 40574 44522 48479 22451 18975 15749 222625 204304 192230 184023 129524 24186 20999 271969 246048 23345 12345000
16000 44101 10200 10956 12963 15749 18975 22451 10500 7889 6800 7889 10500 13793 17385 21124 24945 28814 32715 12472 8693 5250 3400 5250 8693 12472 16357 20287 24240 28206 32180 36160 12000 8000 4000 0 4000 8000 12000 16000 20000 24000 28000 32000 36000 40000 16357 12472 8693 5250 16357 20287 24240 28206 32180 36160 40144 44131 21124 17385 13793 80702 28814 32715 36637 40574 44522 26078 22451 18975 193940 152716 93175 41280 45167 27586 24186 246360 214172 136590 12345000
20000 40101 10956 10200 10956 12963 15749 18975 13793 10500 7889 6800 7889 10500 13793 17385 21124 24945 28814 16357 12472 8693 5250 3400 5250 8693 12472 16357 20287 24240 28206 32180 16000 12000 8000 4000 0 4000 8000 12000 16000 20000 24000 28000 32000 36000 20287 16357 12472 8693 12472 16357 20287 24240 28206 32180 36160 40144 24945 21124 17385 21124 24945 28814 32715 36637 40574 29800 26078 37698 107602 50198 33586 37417 41280 31128 90920 167244 116295 226635 12345000
24000 36101 12963 10956 10200 10956 12963 15749 17385 13793 10500 7889 6800 7889 10500 13793 17385 21124 24945 20287 16357 12472 8693 5250 3400 5250 8693 12472 16357 20287 24240 28206 20000 16000 12000 8000 4000 0 4000 8000 12000 16000 20000 24000 28000 32000 24240 20287 16357 12472 8693 12472 16357 20287 24240 28206 32180 36160 28814 24945 74133 17385 21124 24945 28814 32715 36637 37554 123740 147297 32346 26078 29800 33586 37417 155989 188860 80473 31128 274297 12345000
28000 32101 15749 12963 10956 10200 10956 12963 21124 17385 13793 10500 7889 6800 7889 10500 13793 17385 21124 24240 20287 16357 12472 8693 5250 3400 5250 8693 12472 16357 20287 24240 24000 20000 16000 12000 8000 4000 0 4000 8000 12000 16000 20000 24000 28000 28206 24240 22948 49061 5250 8693 12472 16357 20287 24240 28206 32180 65418 92679 131297 13793 17385 21124 24945 28814 32715 143769 157211 178576 18975 22451 26078 29800 33586 195540 224804 24186 27586 297520 12345000
32000 28101 18975 15749 12963 10956 10200 10956 24945 21124 17385 13793 10500 7889 6800 7889 10500 13793 17385 28206 24240 20287 16357 12472 8693 5250 3400 5250 8693 12472 16357 20287 28000 24000 20000 16000 12000 8000 4000 0 4000 8000 12000 16000 20000 24000 32180 35421 48187 70745 3400 5250 8693 12472 16357 20287 24240 28206 107909 135617 151806 10500 13793 17385 21124 24945 28814 171273 184420 203605 15749 18975 22451 26078 29800 227291 253171 20999 24186 319225 12345000
36000 24101 22451 18975 15749 12963 10956 10200 28814 24945 21124 17385 13793 10500 7889 6800 7889 10500 13793 32180 28206 24240 20287 16357 12472 8693 5250 3400 5250 8693 12472 16357 32000 28000 24000 20000 16000 12000 8000 4000 0 4000 8000 12000 16000 20000 45746 53878 66087 85287 5250 3400 5250 8693 12472 16357 20287 24240 138829 157312 169318 7889 10500 13793 17385 21124 24945 195091 207708 225071 12963 15749 18975 22451 26078 254335 277454 18137 20999 339773 12345000
40000 20101 26078 22451 18975 15749 12963 10956 32715 28814 24945 21124 17385 13793 10500 7889 6800 7889 10500 36160 32180 28206 24240 20287 16357 12472 8693 5250 3400 5250 8693 12472 36000 32000 28000 24000 20000 16000 12000 8000 4000 0 4000 8000 12000 16000 60892 68850 80176 96753 8693 5250 3400 5250 8693 12472 16357 20287 163309 173636 184749 6800 7889 10500 13793 17385 21124 216229 228265 244143 10956 12963 15749 18975 22451 278195 299102 15778 18137 359334 12345000
44000 16101 29800 26078 22451 18975 15749 12963 36637 32715 28814 24945 21124 17385 13793 10500 7889 6800 7889 40144 36160 32180 28206 24240 20287 16357 12472 8693 5250 3400 5250 8693 40000 36000 32000 28000 24000 20000 16000 12000 8000 4000 0 4000 8000 12000 73943 81542 91955 106474 12472 8693 5250 3400 5250 8693 12472 16357 180284 188283 198622 7889 6800 7889 10500 13793 17385 235313 246783 261439 10200 10956 12963 15749 18975 299726 318846 14176 15778 378009 12345000
48000 12101 33586 29800 26078 22451 18975 15749 40574 36637 32715 28814 24945 21124 17385 13793 10500 7889 6800 44131 40144 36160 32180 28206 24240 20287 16357 12472 8693 5250 3400 5250 44000 40000 36000 32000 28000 24000 20000 16000 12000 8000 4000 0 4000 8000 85469 92640 102193 115059 16357 12472 8693 5250 3400 5250 8693 12472 193963 201611 211273 10500 7889 6800 7889 10500 13793 252764 263701 277336 10956 10200 10956 12963 15749 319455 337109 13600 14176 395637 12345000
52000 8101 37417 33586 29800 26078 22451 18975 44522 40574 36637 32715 28814 24945 21124 17385 13793 10500 7889 48120 44131 40144 36160 32180 28206 24240 20287 16357 12472 8693 5250 3400 48000 44000 40000 36000 32000 28000 24000 20000 16000 12000 8000 4000 0 4000 95843 102568 111337 122844 20287 16357 12472 8693 5250 3400 5250 8693 206571 213874 222937 13793 10500 7889 6800 7889 10500 268879 279323 292090 12963 10956 10200 10956 12963 337731 354164 14176 13600 405087 12345000
56000 4101 41280 37417 33586 29800 26078 22451 48479 44522 40574 36637 32715 28814 24945 21124 17385 13793 10500 52111 48120 44131 40144 36160 32180 28206 24240 20287 16357 12472 8693 5250 52000 48000 44000 40000 36000 32000 28000 24000 20000 16000 12000 8000 4000 0 105321 111608 119667 130034 24240 20287 16357 12472 8693 5250 3400 5250 218289 225259 233785 17385 13793 10500 7889 6800 7889 283877 293865 305881 15749 12963 10956 10200 10956 354026 366032 15778 14176 414105 12345000
3400 114301 20999 24186 27586 31128 34770 38483 12963 15749 18975 22451 26078 29800 33586 37417 41280 45167 49072 7889 10500 13793 17385 21124 24945 28814 32715 36637 40574 44522 48479 52443 5250 8693 12472 16357 20287 24240 28206 32180 45746 60892 73943 85469 95843 105321 0 4000 8000 12000 157848 161848 165848 169848 173848 177848 181848 185848 5250 3400 5250 260130 258661 258126 258303 259033 260204 10500 7889 6800 312292 307288 303919 301773 300567 12963 10956 361800 352188 14176 12345000
5250 120156 18137 20999 24186 27586 31128 34770 10956 12963 15749 18975 22451 26078 29800 33586 37417 41280 45167 6800 7889 10500 13793 17385 21124 24945 28814 32715 36637 40574 44522 48479 3400 5250 8693 12472 16357 20287 24240 35421 53878 68850 81542 92640 102568 111608 4000 0 4000 8000 153848 157848 161848 165848 169848 173848 177848 181848 8693 5250 3400 250420 248856 248351 248626 249491 250816 13793 10500 7889 302675 296210 291771 288809 286959 15749 12963 351165 340479 15778 12345000
8693 127560 15778 18137 20999 24186 27586 31128 10200 10956 12963 15749 18975 22451 26078 29800 33586 37417 41280 7889 6800 7889 10500 13793 17385 21124 24945 28814 32715 36637 43235 59131 5250 3400 5250 8693 12472 16357 22948 48187 66087 80176 91955 102193 111337 119667 8000 4000 0 4000 149848 153848 157848 161848 165848 169848 173848 177848 12472 8693 5250 239580 237975 237582 238041 239125 240679 17385 13793 10500 287845 280897 276366 273520 271899 18975 15749 336229 323645 18137 12345000
12472 136931 14176 15778 18137 20999 24186 27586 10956 10200 10956 12963 15749 18975 22451 26078 29800 33586 37417 10500 7889 6800 7889 10500 13793 17385 21124 24945 45087 65418 79644 91032 8693 5250 3400 5250 8693 12472 49061 70745 85287 96753 106474 115059 122844 130034 12000 8000 4000 0 145848 149848 153848 157848 161848 165848 169848 173848 16357 12472 8693 227228 225681 225531 226308 227732 229624 21124 17385 13793 271163 263661 259119 256521 255270 22451 18975 316963 302998 131341 12345000
92466 28306 20999 18137 15778 14176 13600 14176 26078 22451 18975 15749 12963 10956 10200 10956 12963 15749 18975 28814 24945 21124 17385 13793 10500 7889 6800 7889 10500 13793 17385 21124 76099 51744 20287 16357 12472 8693 5250 3400 5250 8693 12472 16357 20287 24240 157848 153848 149848 145848 0 4000 8000 12000 16000 20000 24000 28000 213199 213750 215742 8693 12472 16357 20287 24240 28206 248592 253341 260979 13793 17385 21124 24945 28814 292723 306374 18975 22451 354462 12345000
73735 24340 24186 20999 18137 15778 14176 13600 29800 26078 22451 18975 15749 12963 10956 10200 10956 12963 15749 32715 28814 24945 21124 17385 13793 10500 7889 6800 7889 10500 13793 17385 55062 29235 24240 20287 16357 12472 8693 5250 3400 5250 8693 12472 16357 20287 161848 157848 153848 149848 4000 0 4000 8000 12000 16000 20000 24000 227385 228273 230423 5250 8693 12472 16357 20287 24240 268750 273578 280778 10500 13793 17385 21124 24945 316728 329158 15749 18975 376475 12345000
61469 20387 27586 24186 20999 18137 15778 14176 33586 29800 26078 22451 18975 15749 12963 10956 10200 10956 12963 36637 32715 28814 24945 21124 17385 13793 10500 7889 6800 7889 10500 13793 42464 32180 28206 24240 20287 16357 12472 8693 5250 3400 5250 8693 12472 16357 165848 161848 157848 153848 8000 4000 0 4000 8000 12000 16000 20000 240078 241154 243347 3400 5250 8693 12472 16357 20287 286917 291741 298563 7889 10500 13793 17385 21124 337669 347841 12963 15749 391253 12345000
53171 16456 31128 27586 24186 20999 18137 15778 37417 33586 29800 26078 22451 18975 15749 12963 10956 10200 10956 40574 36637 32715 28814 24945 21124 17385 13793 10500 7889 6800 7889 10500 40144 36160 32180 28206 24240 20287 16357 12472 8693 5250 3400 5250 8693 12472 169848 165848 161848 157848 12000 8000 4000 0 4000 8000 12000 16000 251590 252758 254923 5250 3400 5250 8693 12472 16357 302574 305762 310533 6800 7889 10500 13793 17385 349522 358700 10956 12963 401633 12345000
48120 12570 34770 31128 27586 24186 20999 18137 41280 37417 33586 29800 26078 22451 18975 15749 12963 10956 10200 44522 40574 36637 32715 28814 24945 21124 17385 13793 10500 7889 6800 7889 44131 40144 36160 32180 28206 24240 20287 16357 12472 8693 5250 3400 5250 8693 173848 169848 165848 161848 16000 12000 8000 4000 0 4000 8000 12000 262151 263346 265437 8693 5250 3400 5250 8693 12472 311867 314794 319079 7889 6800 7889 10500 13793 360333 368667 10200 10956 411404 12345000
52111 8786 38483 34770 31128 27586 24186 20999 45167 41280 37417 33586 29800 26078 22451 18975 15749 12963 10956 48479 44522 40574 36637 32715 28814 24945 21124 17385 13793 10500 7889 6800 48120 44131 40144 36160 32180 28206 24240 20287 16357 12472 8693 5250 3400 5250 177848 173848 169848 165848 20000 16000 12000 8000 4000 0 4000 8000 271933 273111 275101 12472 8693 5250 3400 5250 8693 320489 323161 327014 10500 7889 6800 7889 10500 370309 377917 10956 10200 420645 12345000
56103 5327 42249 38483 34770 31128 27586 24186 49072 45167 41280 37417 33586 29800 26078 22451 18975 15749 12963 52443 48479 44522 40574 36637 32715 28814 24945 21124 17385 13793 10500 7889 52111 48120 44131 40144 36160 32180 28206 24240 20287 16357 12472 8693 5250 3400 181848 177848 173848 169848 24000 20000 16000 12000 8000 4000 0 4000 281069 281142 281025 16357 12472 8693 5250 3400 5250 328563 330991 334455 13793 10500 7889 6800 7889 379604 386578 12963 10956 429422 12345000
60096 3402 46054 42249 38483 34770 31128 27586 52991 49072 45167 41280 37417 33586 29800 26078 22451 18975 15749 56411 52443 48479 44522 40574 36637 32715 28814 24945 21124 17385 13793 10500 56103 52111 48120 44131 40144 36160 32180 28206 24240 20287 16357 12472 8693 5250 185848 181848 177848 173848 28000 24000 20000 16000 12000 8000 4000 0 287722 286955 286670 20287 16357 12472 8693 5250 3400 336182 338378 341493 17385 13793 10500 7889 6800 388334 394748 15749 12963 437792 12345000
7889 229525 26249 29411 32757 36235 39812 43463 18137 20999 24186 27586 31128 34770 38483 42249 46054 49889 53749 12963 15749 18975 22451 26078 29800 33586 37417 41280 45167 81775 113094 138133 10500 13793 17385 21124 24945 28814 65418 107909 138829 163309 180284 193963 206571 218289 5250 8693 12472 16357 213199 227385 240078 251590 262151 271933 281069 287722 0 4000 8000 297800 301800 305800 309800 313800 317800 5250 3400 5250 347164 347415 348239 349516 351153 7889 6800 396307 392800 10200 12345000
6800 236168 23345 26249 29411 32757 36235 39812 15778 18137 20999 24186 27586 31128 34770 38483 42249 46054 49889 10956 12963 15749 18975 22451 26078 29800 33586 37417 85539 124537 151975 169074 7889 10500 13793 17385 21124 24945 92679 135617 157312 173636 188283 201611 213874 225259 3400 5250 8693 12472 213750 228273 241154 252758 263346 273111 281142 286955 4000 0 4000 293800 297800 301800 305800 309800 313800 8693 5250 3400 340562 340671 341432 342691 344343 10500 7889 387892 383989 10956 12345000
7889 244196 20809 23345 26249 29411 32757 36235 14176 15778 18137 20999 24186 27586 31128 34770 38483 95258 142417 10200 10956 12963 15749 18975 22451 26078 29800 126281 143769 159127 172975 185675 6800 7889 10500 13793 17385 74133 131297 151806 169318 184749 198622 211273 222937 233785 5250 3400 5250 8693 215742 230423 243347 254923 265437 275101 281025 286670 8000 4000 0 289800 293800 297800 301800 305800 309800 12472 8693 5250 333490 333463 334179 335448 337143 13793 10500 378807 374458 12963 12345000
215563 21220 29411 26249 23345 20809 18788 17464 34770 31128 27586 24186 20999 18137 15778 14176 13600 14176 15778 93175 35917 29800 26078 22451 18975 15749 12963 10956 10200 10956 12963 15749 203201 189312 173334 80702 21124 17385 13793 10500 7889 6800 7889 10500 13793 17385 260130 250420 239580 227228 8693 5250 3400 5250 8693 12472 16357 20287 297800 293800 289800 0 4000 8000 12000 16000 20000 333313 332503 332412 5250 8693 12472 16357 20287 372347 376412 10500 13793 411489 12345000
206909 17478 32757 29411 26249 23345 20809 18788 38483 34770 31128 27586 24186 20999 18137 15778 14176 13600 14176 41280 37417 33586 29800 26078 22451 18975 15749 12963 10956 10200 10956 12963 193785 179017 113167 28814 24945 21124 17385 13793 10500 7889 6800 7889 10500 13793 258661 248856 237975 225681 12472 8693 5250 3400 5250 8693 12472 16357 301800 297800 293800 4000 0 4000 8000 12000 16000 340621 339779 339569 3400 5250 8693 12472 16357 382003 385496 7889 10500 421435 12345000
200518 13881 36235 32757 29411 26249 23345 20809 42249 38483 34770 31128 27586 24186 20999 18137 15778 14176 13600 45167 41280 37417 33586 29800 26078 22451 18975 15749 12963 10956 10200 10956 172667 127162 43901 32715 28814 24945 21124 17385 13793 10500 7889 6800 7889 10500 258126 248351 237582 225531 16357 12472 8693 5250 3400 5250 8693 12472 305800 301800 297800 8000 4000 0 4000 8000 12000 347477 346580 346244 5250 3400 5250 8693 12472 390926 393801 6800 7889 430735 12345000
172434 10577 39812 36235 32757 29411 26249 23345 46054 42249 38483 34770 31128 27586 24186 20999 18137 15778 14176 49072 45167 41280 37417 33586 29800 26078 22451 18975 15749 12963 10956 10200 139628 94399 40574 36637 32715 28814 24945 21124 17385 13793 10500 7889 6800 7889 258303 248626 238041 226308 20287 16357 12472 8693 5250 3400 5250 8693 309800 305800 301800 12000 8000 4000 0 4000 8000 353968 353005 352540 8693 5250 3400 5250 8693 399252 401591 7889 6800 439486 12345000
151169 7941 43463 39812 36235 32757 29411 26249 49889 46054 42249 38483 34770 31128 27586 24186 20999 18137 15778 52991 49072 45167 41280 37417 33586 29800 26078 22451 18975 15749 12963 10956 118555 75984 44522 40574 36637 32715 28814 24945 21124 17385 13793 10500 7889 6800 259033 249491 239125 227732 24240 20287 16357 12472 8693 5250 3400 5250 313800 309800 305800 16000 12000 8000 4000 0 4000 360161 359123 358532 12472 8693 5250 3400 5250 407086 408953 10500 7889 447768 12345000
135898 6801 47170 43463 39812 36235 32757 29411 53749 49889 46054 42249 38483 34770 31128 27586 24186 20999 18137 56921 52991 49072 45167 41280 37417 33586 29800 26078 22451 18975 15749 12963 104305 64677 48479 44522 40574 36637 32715 28814 24945 21124 17385 13793 10500 7889 260204 250816 240679 229624 28206 24240 20287 16357 12472 8693 5250 3400 317800 313800 309800 20000 16000 12000 8000 4000 0 366107 364991 364278 16357 12472 8693 5250 3400 414508 415955 13793 10500 455644 12345000
12963 298270 31499 34643 37949 41378 44902 48499 23345 26249 29411 32757 36235 39812 43463 47170 50922 54708 137921 18137 20999 24186 27586 31128 34770 38483 42249 102715 156242 178231 197975 215978 15749 18975 22451 26078 29800 37554 143769 171273 195091 216229 235313 252764 268879 283877 10500 13793 17385 21124 248592 268750 286917 302574 311867 320489 328563 336182 5250 8693 12472 333313 340621 347477 353968 360161 366107 0 4000 8000 382738 386738 390738 394738 398738 3400 5250 431461 432275 7889 12345000
10956 307825 28569 31499 34643 37949 41378 44902 20809 23345 26249 29411 32757 36235 39812 43463 47170 151491 173010 15778 18137 20999 24186 27586 31128 34770 69301 152048 175992 196893 215614 232683 12963 15749 18975 22451 26078 123740 157211 184420 207708 228265 246783 263701 279323 293865 7889 10500 13793 17385 253341 273578 291741 305762 314794 323161 330991 338378 3400 5250 8693 332503 339779 346580 353005 359123 364991 4000 0 4000 378738 382738 386738 390738 394738 5250 3400 425195 425913 6800 12345000
10200 319169 25926 28569 31499 34643 37949 41378 18788 20809 23345 26249 29411 32757 36235 105722 164682 185935 204327 14176 15778 18137 20999 24186 27586 76687 155989 181132 202210 220759 237544 252997 10956 12963 15749 18975 37698 147297 178576 203605 225071 244143 261439 277336 292090 305881 6800 7889 10500 13793 260979 280778 298563 310533 319079 327014 334455 341493 5250 3400 5250 332412 339569 346244 352540 358532 364278 8000 4000 0 374738 378738 382738 386738 390738 8693 5250 418585 419212 7889 12345000
273780 19060 34643 31499 28569 25926 23668 21913 79212 36235 32757 29411 26249 23345 20809 18788 17464 17000 17464 222330 179241 116295 59816 27586 24186 20999 18137 15778 14176 13600 14176 15778 258691 241857 222625 193940 107602 32346 18975 15749 12963 10956 10200 10956 12963 15749 312292 302675 287845 271163 13793 10500 7889 6800 7889 10500 13793 17385 347164 340562 333490 5250 3400 5250 8693 12472 16357 382738 378738 374738 0 4000 8000 12000 16000 417639 415761 5250 8693 446147 12345000
260237 15827 37949 34643 31499 28569 25926 23668 43463 39812 36235 32757 29411 26249 23345 20809 18788 17464 17000 197413 106320 39515 34770 31128 27586 24186 20999 18137 15778 14176 13600 14176 243861 225461 204304 152716 50198 26078 22451 18975 15749 12963 10956 10200 10956 12963 307288 296210 280897 263661 17385 13793 10500 7889 6800 7889 10500 13793 347415 340671 333463 8693 5250 3400 5250 8693 12472 386738 382738 378738 4000 0 4000 8000 12000 424234 422364 3400 5250 454498 12345000
249928 13026 41378 37949 34643 31499 28569 25926 47170 43463 39812 36235 32757 29411 26249 23345 20809 18788 17464 105647 46054 42249 38483 34770 31128 27586 24186 20999 18137 15778 14176 13600 232953 213942 192230 93175 33586 29800 26078 22451 18975 15749 12963 10956 10200 10956 303919 291771 276366 259119 21124 17385 13793 10500 7889 6800 7889 10500 348239 341432 334179 12472 8693 5250 3400 5250 8693 390738 386738 382738 8000 4000 0 4000 8000 430509 428628 5250 3400 462345 12345000
241990 10994 44902 41378 37949 34643 31499 28569 50922 47170 43463 39812 36235 32757 29411 26249 23345 20809 18788 53749 49889 46054 42249 38483 34770 31128 27586 24186 20999 18137 15778 14176 224802 205669 184023 41280 37417 33586 29800 26078 22451 18975 15749 12963 10956 10200 301773 288809 273520 256521 24945 21124 17385 13793 10500 7889 6800 7889 349516 342691 335448 16357 12472 8693 5250 3400 5250 394738 390738 386738 12000 8000 4000 0 4000 436518 434614 8693 5250 469768 12345000
235850 10201 48499 44902 41378 37949 34643 31499 54708 50922 47170 43463 39812 36235 32757 29411 26249 23345 20809 57628 53749 49889 46054 42249 38483 34770 31128 27586 24186 20999 18137 15778 218672 199676 129524 45167 41280 37417 33586 29800 26078 22451 18975 15749 12963 10956 300567 286959 271899 255270 28814 24945 21124 17385 13793 10500 7889 6800 351153 344343 337143 20287 16357 12472 8693 5250 3400 398738 394738 390738 16000 12000 8000 4000 0 442307 440371 12472 8693 476834 12345000
15778 364246 33800 36748 39880 43156 46545 50024 25926 28569 31499 34643 37949 41378 44902 90664 173374 202074 226655 20809 23345 26249 29411 32757 36235 60770 164682 197833 225462 249508 271032 290667 18137 20999 24186 27586 31128 155989 195540 227291 254335 278195 299726 319455 337731 354026 12963 15749 18975 22451 292723 316728 337669 349522 360333 370309 379604 388334 7889 10500 13793 372347 382003 390926 399252 407086 414508 3400 5250 8693 417639 424234 430509 436518 442307 0 4000 461051 465051 5250 12345000
14176 375278 31088 33800 36748 39880 43156 71156 23668 25926 28569 31499 34643 37949 104712 188734 218250 242189 262897 18788 20809 23345 26249 29411 40610 152274 204943 233497 257327 278299 297320 314891 15778 18137 20999 24186 90920 188860 224804 253171 277454 299102 318846 337109 354164 366032 10956 12963 15749 18975 306374 329158 347841 358700 368667 377917 386578 394748 6800 7889 10500 376412 385496 393801 401591 408953 415955 5250 3400 5250 415761 422364 428628 434614 440371 4000 0 457051 461051 3400 12345000
329435 18204 39880 36748 33800 31088 28678 26654 155105 94266 37949 34643 31499 28569 25926 23668 21913 20788 20400 276678 255052 191384 124907 40249 29411 26249 23345 20809 18788 17464 17000 17464 312391 293485 271969 246360 167244 80473 24186 20999 18137 15778 14176 13600 14176 15778 361800 351165 336229 316963 18975 15749 12963 10956 10200 10956 12963 15749 396307 387892 378807 10500 7889 6800 7889 10500 13793 431461 425195 418585 5250 3400 5250 8693 12472 461051 457051 0 4000 483790 12345000
310851 15830 43156 39880 36748 33800 31088 28678 71810 44902 41378 37949 34643 31499 28569 25926 23668 21913 20788 245193 202549 124987 51168 36235 32757 29411 26249 23345 20809 18788 17464 17000 291882 270581 246048 214172 116295 31128 27586 24186 20999 18137 15778 14176 13600 14176 352188 340479 323645 302998 22451 18975 15749 12963 10956 10200 10956 12963 392800 383989 374458 13793 10500 7889 6800 7889 10500 432275 425913 419212 8693 5250 3400 5250 8693 465051 461051 4000 0 490137 12345000
17464 422952 33762 36275 39036 152340 216653 264045 26654 28678 31088 33800 147090 217357 272348 291032 308601 325386 341544 21913 23668 25926 28569 141840 220201 272409 293032 312383 330807 348466 365448 381811 18788 20809 23345 136590 226635 274297 297520 319225 339773 359334 378009 395637 405087 414105 14176 15778 18137 131341 354462 376475 391253 401633 411404 420645 429422 437792 10200 10956 12963 411489 421435 430735 439486 447768 455644 7889 6800 7889 446147 454498 462345 469768 476834 5250 3400 483790 490137 0 12345000
0 0 12345000 12345000 12345000 12345000 12345000 12345000 12345000 12345000 12345000 12345000 12345000 12345000 12345000 12345000 12345000 12345000 12345000 12345000 12345000 12345000 12345000 12345000 12345000 12345000 12345000 12345000 12345000 12345000 12345000 12345000 12345000 12345000 12345000 12345000 12345000 12345000 12345000 12345000 12345000 12345000 12345000 12345000 12345000 12345000 12345000 12345000 12345000 12345000 12345000 12345000 12345000 12345000 12345000 12345000 12345000 12345000 12345000 12345000 12345000 12345000 12345000 12345000 12345000 12345000 12345000 12345000 12345000 12345000 12345000 12345000 12345000 12345000 12345000 12345000 12345000 12345000 12345000 12345000 0
EOF
