0 61422 556887 84275 88262 92251 96241 100231 104222 48120 52111 56103 60096 64090 68085 72080 76076 80072 84069 8000 12000 16000 20000 24000 28000 32000 36000 40000 44000 48000 52000 56000 5250
61422 0 19784 23580 27435 31325 35241 39173 43118 13845 10016 6399 3685 4267 7405 11111 14970 18887 22833 53422 49422 45422 41422 37422 33422 29422 25422 21422 17422 13422 9422 5422 57522
556887 19784 0 4000 8000 12000 16000 20000 24000 32180 28206 24240 20287 16357 12472 8693 5250 3400 5250 72320 68339 64360 60384 56411 52443 48479 44522 40574 36637 32715 28814 24945 76681
84275 23580 4000 0 4000 8000 12000 16000 20000 36160 32180 28206 24240 20287 16357 12472 8693 5250 3400 76304 72320 68339 64360 60384 56411 52443 48479 44522 40574 36637 32715 28814 80648
88262 27435 8000 4000 0 4000 8000 12000 16000 40144 36160 32180 28206 24240 20287 16357 12472 8693 5250 80288 76304 72320 68339 64360 60384 56411 52443 48479 44522 40574 36637 32715 84617
92251 31325 12000 8000 4000 0 4000 8000 12000 44131 40144 36160 32180 28206 24240 20287 16357 12472 8693 84275 80288 76304 72320 68339 64360 60384 56411 52443 48479 44522 40574 36637 88589
96241 35241 16000 12000 8000 4000 0 4000 8000 48120 44131 40144 36160 32180 28206 24240 20287 16357 12472 88262 84275 80288 76304 72320 68339 64360 60384 56411 52443 48479 44522 40574 92564
100231 39173 20000 16000 12000 8000 4000 0 4000 52111 48120 44131 40144 36160 32180 28206 24240 20287 16357 92251 88262 84275 80288 76304 72320 68339 64360 60384 56411 52443 48479 44522 96540
104222 43118 24000 20000 16000 12000 8000 4000 0 56103 52111 48120 44131 40144 36160 32180 28206 24240 20287 96241 92251 88262 84275 80288 76304 72320 68339 64360 60384 56411 52443 48479 100519
48120 13845 32180 36160 40144 44131 48120 52111 56103 0 4000 8000 12000 16000 20000 24000 28000 32000 36000 40144 36160 32180 28206 24240 20287 16357 12472 8693 5250 3400 5250 8693 44522
52111 10016 28206 32180 36160 40144 44131 48120 52111 4000 0 4000 8000 12000 16000 20000 24000 28000 32000 44131 40144 36160 32180 28206 24240 20287 16357 12472 8693 5250 3400 5250 48479
56103 6399 24240 28206 32180 36160 40144 44131 48120 8000 4000 0 4000 8000 12000 16000 20000 24000 28000 48120 44131 40144 36160 32180 28206 24240 20287 16357 12472 8693 5250 3400 52443
60096 3685 20287 24240 28206 32180 36160 40144 44131 12000 8000 4000 0 4000 8000 12000 16000 20000 24000 52111 48120 44131 40144 36160 32180 28206 24240 20287 16357 12472 8693 5250 56411
64090 4267 16357 20287 24240 28206 32180 36160 40144 16000 12000 8000 4000 0 4000 8000 12000 16000 20000 56103 52111 48120 44131 40144 36160 32180 28206 24240 20287 16357 12472 8693 60384
68085 7405 12472 16357 20287 24240 28206 32180 36160 20000 16000 12000 8000 4000 0 4000 8000 12000 16000 60096 56103 52111 48120 44131 40144 36160 32180 28206 24240 20287 16357 12472 64360
72080 11111 8693 12472 16357 20287 24240 28206 32180 24000 20000 16000 12000 8000 4000 0 4000 8000 12000 64090 60096 56103 52111 48120 44131 40144 36160 32180 28206 24240 20287 16357 68339
76076 14970 5250 8693 12472 16357 20287 24240 28206 28000 24000 20000 16000 12000 8000 4000 0 4000 8000 68085 64090 60096 56103 52111 48120 44131 40144 36160 32180 28206 24240 20287 72320
80072 18887 3400 5250 8693 12472 16357 20287 24240 32000 28000 24000 20000 16000 12000 8000 4000 0 4000 72080 68085 64090 60096 56103 52111 48120 44131 40144 36160 32180 28206 24240 76304
84069 22833 5250 3400 5250 8693 12472 16357 20287 36000 32000 28000 24000 20000 16000 12000 8000 4000 0 76076 72080 68085 64090 60096 56103 52111 48120 44131 40144 36160 32180 28206 80288
8000 53422 72320 76304 80288 84275 88262 92251 96241 40144 44131 48120 52111 56103 60096 64090 68085 72080 76076 0 4000 8000 12000 16000 20000 24000 28000 32000 36000 40000 44000 48000 5250
12000 49422 68339 72320 76304 80288 84275 88262 92251 36160 40144 44131 48120 52111 56103 60096 64090 68085 72080 4000 0 4000 8000 12000 16000 20000 24000 28000 32000 36000 40000 44000 8693
16000 45422 64360 68339 72320 76304 80288 84275 88262 32180 36160 40144 44131 48120 52111 56103 60096 64090 68085 8000 4000 0 4000 8000 12000 16000 20000 24000 28000 32000 36000 40000 12472
20000 41422 60384 64360 68339 72320 76304 80288 84275 28206 32180 36160 40144 44131 48120 52111 56103 60096 64090 12000 8000 4000 0 4000 8000 12000 16000 20000 24000 28000 32000 36000 16357
24000 37422 56411 60384 64360 68339 72320 76304 80288 24240 28206 32180 36160 40144 44131 48120 52111 56103 60096 16000 12000 8000 4000 0 4000 8000 12000 16000 20000 24000 28000 32000 20287
28000 33422 52443 56411 60384 64360 68339 72320 76304 20287 24240 28206 32180 36160 40144 44131 48120 52111 56103 20000 16000 12000 8000 4000 0 4000 8000 12000 16000 20000 24000 28000 24240
32000 29422 48479 52443 56411 60384 64360 68339 72320 16357 20287 24240 28206 32180 36160 40144 44131 48120 52111 24000 20000 16000 12000 8000 4000 0 4000 8000 12000 16000 20000 24000 28206
36000 25422 44522 48479 52443 56411 60384 64360 68339 12472 16357 20287 24240 28206 32180 36160 40144 44131 48120 28000 24000 20000 16000 12000 8000 4000 0 4000 8000 12000 16000 20000 32180
40000 21422 40574 44522 48479 52443 56411 60384 64360 8693 12472 16357 20287 24240 28206 32180 36160 40144 44131 32000 28000 24000 20000 16000 12000 8000 4000 0 4000 8000 12000 16000 36160
44000 17422 36637 40574 44522 48479 52443 56411 60384 5250 8693 12472 16357 20287 24240 28206 32180 36160 40144 36000 32000 28000 24000 20000 16000 12000 8000 4000 0 4000 8000 12000 40144
48000 13422 32715 36637 40574 44522 48479 52443 56411 3400 5250 8693 12472 16357 20287 24240 28206 32180 36160 40000 36000 32000 28000 24000 20000 16000 12000 8000 4000 0 4000 8000 44131
52000 9422 28814 32715 36637 40574 44522 48479 52443 5250 3400 5250 8693 12472 16357 20287 24240 28206 32180 44000 40000 36000 32000 28000 24000 20000 16000 12000 8000 4000 0 4000 48120
56000 5422 24945 28814 32715 36637 40574 44522 48479 8693 5250 3400 5250 8693 12472 16357 20287 24240 28206 48000 44000 40000 36000 32000 28000 24000 20000 16000 12000 8000 4000 0 52111
5250 57522 76681 80648 84617 88589 92564 96540 100519 44522 48479 52443 56411 60384 64360 68339 72320 76304 80288 5250 8693 12472 16357 20287 24240 28206 32180 36160 40144 44131 48120 52111 0
