0 14999 10500 5250 8693 12472 4000 8000 12000 5250 8693 12472
14999 0 9758 11512 7781 4534 10999 6999 2999 11512 7781 4534
10500 9758 0 5250 3400 5250 7889 6800 7889 10956 10200 10956
5250 11512 5250 0 4000 8000 3400 5250 8693 6800 7889 10500
8693 7781 3400 4000 0 4000 5250 3400 5250 7889 6800 7889
12472 4534 5250 8000 4000 0 8693 5250 3400 10500 7889 6800
4000 10999 7889 3400 5250 8693 0 4000 8000 3400 5250 8693
8000 6999 6800 5250 3400 5250 4000 0 4000 5250 3400 5250
12000 2999 7889 8693 5250 3400 8000 4000 0 8693 5250 3400
5250 11512 10956 6800 7889 10500 3400 5250 8693 0 4000 8000
8693 7781 10200 7889 6800 7889 5250 3400 5250 4000 0 4000
12472 4534 10956 10500 7889 6800 8693 5250 3400 8000 4000 0
