NAME: block_12
TYPE: TSP
COMMENT: Water block sampling points with virtual node for Path TSP
DIMENSION: 160
EDGE_WEIGHT_TYPE: EXPLICIT
EDGE_WEIGHT_FORMAT: FULL_MATRIX
EDGE_WEIGHT_SECTION
0 251332 20999 15749 18975 10500 13793 17385 5250 8693 12472 16357 299553 295606 292949 291291 4000 8000 12000 16000 221076 225076 229076 233076 237076 241076 245076 249076 3400 5250 8693 12472 16357 168856 178369 185884 192862 199419 205638 211582 217300 222828 7889 6800 7889 10500 13793 17385 21124 24945 43793 89150 113275 127105 139574 150957 161454 171221 180375 189011 197204 10956 10200 10956 12963 15749 18975 22451 26078 29800 33586 37417 42919 73701 105507 125965 137031 147392 157153 166398 15778 14176 13600 14176 15778 18137 20999 24186 27586 31128 34770 38483 42249 46054 49889 53749 72607 96926 121865 18788 17464 17000 17464 18788 20809 23345 43463 47170 20788 20400 20788 21913 23668 25926 24134 23800 24134 25109 26654 27493 27200 27493 28352 29729 30860 30600 30860 31628 32869 34234 34000 34234 34928 36056 37613 37400 37613 38246 39278 40996 40800 40996 41577 44381 44200 44381 44918 47768 47600 47768 48268 51157 51000 51157 51624 54547 54400 54547 54985 0
251332 0 380276 343599 346002 310958 311486 312541 275185 273614 272451 271647 18571 14656 10806 7121 247332 243332 239332 235332 30257 26257 22257 18257 14257 10257 6257 2257 222722 216908 210848 204488 197755 34425 30447 26476 22515 18571 14656 10806 7121 4081 195433 184651 172779 150974 117919 81742 50715 46754 42800 38856 34925 31011 27123 23272 19482 15795 12306 9240 7165 74954 70993 67037 63087 59143 55207 51281 47368 43470 39593 35743 31930 28168 24483 20913 17530 14465 11966 10447 79430 75492 71561 67638 63725 59823 55935 52064 48215 44391 40602 36858 33173 29570 26083 22765 19703 17034 14970 80082 76178 72284 68403 64536 60686 72255 34705 31280 77008 73158 71373 114053 150668 174943 110330 146486 169182 190442 207417 185558 204088 217549 232667 249789 227369 240407 255015 271510 290312 260977 275103 291007 309070 329798 293386 308733 326100 345939 373439 325018 341730 360737 391789 356204 374433 408279 444301 391449 423293 457006 493377 437114 468798 502937 540413 479837 511990 547166 586353 0
20999 380276 0 5250 3400 10500 7889 6800 15749 12963 10956 10200 341181 362499 383921 404215 18137 15778 14176 13600 259460 271550 289603 306958 323385 338930 353654 370394 23345 20809 18788 17464 17000 239986 250409 261058 271601 282999 298295 312997 327108 340647 28569 25926 23668 21913 20788 20400 67500 177502 205965 219716 233178 245236 254418 263832 273252 282543 293673 306988 319898 31088 28678 26654 25109 24134 23800 25937 171100 198051 216463 227924 239987 250485 258782 267299 275874 284402 292816 303769 36275 33762 31557 29729 28352 27493 27200 27493 165367 192566 213854 224913 235420 246411 255735 263369 271206 279125 287045 38889 36556 34531 32869 31628 30860 30600 232679 242432 39446 37577 36056 34928 34234 34000 42412 40679 39278 38246 37613 45438 43825 42528 41577 40996 48514 47007 45800 44918 44381 51631 50217 49089 48268 47768 54781 53451 52393 51624 51157 57960 56704 55708 54985 61162 59974 59033 58351 64385 63257 62365 61721 67625 66552 65705 65093 70880 69857 69051 68469 12345000
15749 343599 5250 0 4000 5250 3400 5250 10500 7889 6800 7889 328303 343449 361502 378386 12963 10956 10200 10956 239377 252073 266454 282604 297588 311559 324646 336959 18137 15778 14176 13600 14176 207569 221339 233960 245615 256446 266571 278926 292120 304638 23345 20809 18788 17464 17000 17464 18788 95010 143936 169316 189204 207423 220476 231911 242652 252788 262389 271517 280224 25926 23668 21913 20788 20400 20788 21913 48427 120264 155365 174566 191797 207828 221361 231855 241830 251345 260447 269177 31088 28678 26654 25109 24134 23800 24134 25109 26654 91566 135145 163205 179816 195115 209515 223216 233073 242409 251386 33762 31557 29729 28352 27493 27200 27493 170257 185066 34531 32869 31628 30860 30600 30860 37577 36056 34928 34234 34000 40679 39278 38246 37613 37400 43825 42528 41577 40996 40800 47007 45800 44918 44381 44200 50217 49089 48268 47768 47600 53451 52393 51624 51157 56704 55708 54985 54547 59974 59033 58351 57938 63257 62365 61721 61331 66552 65705 65093 64724 12345000
18975 346002 3400 4000 0 8693 5250 3400 13793 10500 7889 6800 326941 343208 361627 378816 15749 12963 10956 10200 241643 253838 269053 285136 300086 314035 327098 339381 20999 18137 15778 14176 13600 216660 228325 239598 250335 260505 271106 284700 297608 309885 26249 23345 20809 18788 17464 17000 17464 143418 174163 190611 205660 220189 230244 240140 249753 259028 267950 276526 287571 28569 25926 23668 21913 20788 20400 20788 134696 163188 184998 197867 210910 224017 233226 242118 250863 259406 267720 275797 33800 31088 28678 26654 25109 24134 23800 24134 127143 155759 178111 193103 204549 216160 227844 236836 244970 253034 260980 36275 33762 31557 29729 28352 27493 27200 200482 210872 36556 34531 32869 31628 30860 30600 39446 37577 36056 34928 34234 42412 40679 39278 38246 37613 45438 43825 42528 41577 40996 48514 47007 45800 44918 44381 51631 50217 49089 48268 47768 54781 53451 52393 51624 57960 56704 55708 54985 61162 59974 59033 58351 64385 63257 62365 61721 67625 66552 65705 65093 12345000
10500 310958 10500 5250 8693 0 4000 8000 5250 3400 5250 8693 319251 329201 338401 346984 7889 6800 7889 10500 230092 240946 250756 261373 273612 284974 295592 305574 12963 10956 10200 10956 12963 191173 204446 216364 227209 237186 246450 255121 263293 271043 18137 15778 14176 13600 14176 15778 18137 50266 103428 137432 160501 180311 196873 208563 219054 228837 238024 246702 254944 20809 18788 17464 17000 17464 18788 20809 23345 55516 99430 133568 154352 172680 189003 203105 214322 223794 232768 241309 25926 23668 21913 20788 20400 20788 21913 23668 25926 28569 60766 98353 132060 151225 168174 183633 197696 210127 220973 28678 26654 25109 24134 23800 24134 25109 98990 128837 29729 28352 27493 27200 27493 28352 32869 31628 30860 30600 30860 36056 34928 34234 34000 34234 39278 38246 37613 37400 37613 42528 41577 40996 40800 40996 45800 44918 44381 44200 44381 49089 48268 47768 47600 52393 51624 51157 51000 55708 54985 54547 54400 59033 58351 57938 57800 62365 61721 61331 61200 12345000
13793 311486 7889 3400 5250 4000 0 4000 8693 5250 3400 5250 316338 326624 336066 345716 10500 7889 6800 7889 228310 239431 249414 261461 273880 285365 296062 306089 15749 12963 10956 10200 10956 192516 205634 217435 228177 238054 247218 255789 263860 271549 20999 18137 15778 14176 13600 14176 15778 66880 120325 149593 168860 186342 201209 212111 222244 231725 240649 249094 257124 23345 20809 18788 17464 17000 17464 18788 20809 83949 125574 151351 167949 183287 197624 209901 219430 228459 237050 245256 28569 25926 23668 21913 20788 20400 20788 21913 23668 50904 96419 130824 154206 168899 182652 195652 208011 218594 227188 31088 28678 26654 25109 24134 23800 24134 136074 157364 31557 29729 28352 27493 27200 27493 34531 32869 31628 30860 30600 37577 36056 34928 34234 34000 40679 39278 38246 37613 37400 43825 42528 41577 40996 40800 47007 45800 44918 44381 44200 50217 49089 48268 47768 53451 52393 51624 51157 56704 55708 54985 54547 59974 59033 58351 57938 63257 62365 61721 61331 12345000
17385 312541 6800 5250 3400 8000 4000 0 12472 8693 5250 3400 313656 324302 333997 344951 13793 10500 7889 6800 227517 238732 248770 262293 274830 286386 297118 307151 18975 15749 12963 10956 10200 196732 208892 220095 230424 239989 248899 257251 265128 275528 24186 20999 18137 15778 14176 13600 14176 112523 144985 164066 180196 195721 207645 217584 227001 235925 244396 252461 260164 26249 23345 20809 18788 17464 17000 17464 101145 129977 155465 169316 182896 196145 208678 217637 226277 234593 242596 250306 31499 28569 25926 23668 21913 20788 20400 20788 62828 120412 142995 162557 174566 186427 198096 209514 219183 227183 234969 33800 31088 28678 26654 25109 24134 23800 169111 179816 33762 31557 29729 28352 27493 27200 36556 34531 32869 31628 30860 39446 37577 36056 34928 34234 42412 40679 39278 38246 37613 45438 43825 42528 41577 40996 48514 47007 45800 44918 44381 51631 50217 49089 48268 54781 53451 52393 51624 57960 56704 55708 54985 61162 59974 59033 58351 64385 63257 62365 61721 12345000
5250 275185 15749 10500 13793 5250 8693 12472 0 4000 8000 12000 311440 315440 319440 323440 3400 5250 8693 12472 225748 233840 241263 248171 254670 260781 266553 272121 7889 6800 7889 10500 13793 177995 189890 200489 210092 218912 227105 234786 242045 248950 12963 10956 10200 10956 12963 15749 18975 28773 76138 113449 133538 151182 166971 181299 194353 203751 212524 220776 228590 15778 14176 13600 14176 15778 18137 20999 24186 27586 48684 84830 117564 134410 149664 163654 176611 188706 200068 210710 20809 18788 17464 17000 17464 18788 20809 23345 26249 29411 32757 36235 63989 93523 122610 138070 151623 164259 176126 23668 21913 20788 20400 20788 21913 23668 41378 51224 25109 24134 23800 24134 25109 26654 28352 27493 27200 27493 28352 31628 30860 30600 30860 31628 34928 34234 34000 34234 34928 38246 37613 37400 37613 38246 41577 40996 40800 40996 41577 44918 44381 44200 44381 48268 47768 47600 47768 51624 51157 51000 51157 54985 54547 54400 54547 58351 57938 57800 57938 12345000
8693 273614 12963 7889 10500 3400 5250 8693 4000 0 4000 8000 307440 311440 315440 319440 5250 3400 5250 8693 222964 231307 238812 245625 252021 258085 263883 269708 10500 7889 6800 7889 10500 177361 189546 200294 209961 218790 226956 234588 241783 248615 15749 12963 10956 10200 10956 12963 15749 34696 82784 117247 137655 155395 171174 185435 196666 205903 214510 222596 230247 18137 15778 14176 13600 14176 15778 18137 20999 27525 66310 101972 125939 142460 157368 171017 183647 195431 206175 214422 23345 20809 18788 17464 17000 17464 18788 20809 23345 26249 29411 57909 88040 116903 134632 148733 161757 173905 185322 25926 23668 21913 20788 20400 20788 21913 53671 80103 26654 25109 24134 23800 24134 25109 29729 28352 27493 27200 27493 32869 31628 30860 30600 30860 36056 34928 34234 34000 34234 39278 38246 37613 37400 37613 42528 41577 40996 40800 40996 45800 44918 44381 44200 49089 48268 47768 47600 52393 51624 51157 51000 55708 54985 54547 54400 59033 58351 57938 57800 12345000
12472 272451 10956 6800 7889 5250 3400 5250 8000 4000 0 4000 303440 307440 311440 315440 8693 5250 3400 5250 220189 228560 236104 243035 249498 255597 261407 268545 13793 10500 7889 6800 7889 178107 190362 201096 210698 219432 227487 234905 241820 248395 18975 15749 12963 10956 10200 10956 12963 45017 93488 124585 144556 161861 177252 190579 200231 209142 217453 225268 232669 20999 18137 15778 14176 13600 14176 15778 18137 50266 88247 120065 137673 153248 167357 180326 192369 203051 211331 219176 26249 23345 20809 18788 17464 17000 17464 18788 20809 23345 55516 87010 115422 134653 148890 161941 174068 185444 196186 28569 25926 23668 21913 20788 20400 20788 87832 112462 28678 26654 25109 24134 23800 24134 31557 29729 28352 27493 27200 34531 32869 31628 30860 30600 37577 36056 34928 34234 34000 40679 39278 38246 37613 37400 43825 42528 41577 40996 40800 47007 45800 44918 44381 50217 49089 48268 47768 53451 52393 51624 51157 56704 55708 54985 54547 59974 59033 58351 57938 12345000
16357 271647 10200 7889 6800 8693 5250 3400 12000 8000 4000 0 299440 303440 307440 311440 12472 8693 5250 3400 217299 225991 233718 240747 247257 253370 260553 267755 17385 13793 10500 7889 6800 180598 192080 202255 211414 219776 227506 234728 241538 248009 22451 18975 15749 12963 10956 10200 10956 73404 115075 139031 156293 171618 185506 195787 204552 212749 220465 227771 234730 24186 20999 18137 15778 14176 13600 14176 40538 89850 120325 140427 154799 168110 180311 191759 201722 209550 217024 224186 29411 26249 23345 20809 18788 17464 17000 17464 18788 70201 101070 125574 143273 155746 167484 178627 189003 198953 208520 31499 28569 25926 23668 21913 20788 20400 130824 146878 31088 28678 26654 25109 24134 23800 33762 31557 29729 28352 27493 36556 34531 32869 31628 30860 39446 37577 36056 34928 34234 42412 40679 39278 38246 37613 45438 43825 42528 41577 40996 48514 47007 45800 44918 51631 50217 49089 48268 54781 53451 52393 51624 57960 56704 55708 54985 61162 59974 59033 58351 12345000
299553 18571 341181 328303 326941 319251 316338 313656 311440 307440 303440 299440 0 4000 8000 12000 293833 287736 281116 273742 12472 8693 5250 3400 5250 8693 12472 16357 274617 265025 253573 239073 229065 17385 13793 10500 7889 6800 7889 10500 13793 17385 251137 243458 234981 225391 214173 194236 151985 100578 26078 22451 18975 15749 12963 10956 10200 10956 12963 15749 18975 234436 224460 206709 174699 138410 38483 34770 31128 27586 24186 20999 18137 15778 14176 13600 14176 15778 18137 20999 219181 193088 164519 132312 47170 43463 39812 36235 32757 29411 26249 23345 20809 18788 17464 17000 17464 18788 20809 159534 130378 55858 52155 48499 44902 41378 23668 21913 60848 57188 53576 50024 49673 112440 62256 58684 55171 78231 136512 63815 60335 102711 152738 186757 80928 124182 165943 195383 226184 143348 177818 203447 231434 266291 188674 211078 236683 268058 307563 218369 241933 270412 305623 247183 273216 304917 344431 276373 305151 340434 384740 306118 337926 377167 426785 336572 371704 415302 470789 12345000
295606 14656 362499 343449 343208 329201 326624 324302 315440 311440 307440 303440 4000 0 4000 8000 289270 282460 275013 266677 16357 12472 8693 5250 3400 5250 8693 12472 258656 249388 241796 233432 224006 21124 17385 13793 10500 7889 6800 7889 10500 13793 244293 235887 226603 216135 204011 179242 137029 34922 29800 26078 22451 18975 15749 12963 10956 10200 10956 12963 15749 222613 211510 182629 149502 90389 42249 38483 34770 31128 27586 24186 20999 18137 15778 14176 13600 14176 15778 18137 189503 161974 123465 54708 50922 47170 43463 39812 36235 32757 29411 26249 23345 20809 18788 17464 17000 17464 18788 68508 63373 59600 55858 52155 48499 44902 25926 23668 64548 60848 57188 53576 68300 126278 65877 62256 58684 103087 155524 67353 88519 132777 173697 198819 116880 158734 186974 210321 238390 178306 199071 220853 246764 278250 210236 230627 254658 283500 318889 239795 262176 288750 320900 269392 294000 323415 359264 299250 326325 358891 398842 329550 359342 395378 439854 360448 393213 433051 482500 12345000
292949 10806 383921 361502 361627 338401 336066 333997 319440 315440 311440 307440 8000 4000 0 4000 286222 278987 271088 262290 20287 16357 12472 8693 5250 3400 5250 8693 254499 247218 239354 230734 221104 24945 21124 17385 13793 10500 7889 6800 7889 10500 239211 230365 220636 209747 197290 168521 124122 37417 33586 29800 26078 22451 18975 15749 12963 10956 10200 10956 12963 213647 193587 162802 116734 49889 46054 42249 38483 34770 31128 27586 24186 20999 18137 15778 14176 13600 14176 15778 163808 116132 62362 58523 54708 50922 47170 43463 39812 36235 32757 29411 26249 23345 20809 18788 17464 17000 17464 70994 67173 63373 59600 55858 52155 48499 28569 25926 68282 64548 60848 57188 85644 140116 69540 65877 80677 126271 169903 78931 118088 160782 187143 210450 150433 183696 202563 224459 250291 198681 216562 237188 261329 290081 229424 248904 271539 298239 330317 259803 281087 305983 335567 290098 313397 340817 373615 320540 346066 376278 412631 351316 379289 412566 452830 382583 413228 449855 494397 12345000
291291 7121 404215 378386 378816 346984 345716 344951 323440 319440 315440 311440 12000 8000 4000 0 284318 276838 268705 259715 24240 20287 16357 12472 8693 5250 3400 5250 253472 246035 238036 229320 219672 28814 24945 21124 17385 13793 10500 7889 6800 7889 235492 226392 216437 205386 192892 160556 103796 41280 37417 33586 29800 26078 22451 18975 15749 12963 10956 10200 10956 205884 176913 136507 79329 53749 49889 46054 42249 38483 34770 31128 27586 24186 20999 18137 15778 14176 13600 14176 118584 70093 66219 62362 58523 54708 50922 47170 43463 39812 36235 32757 29411 26249 23345 20809 18788 17464 17000 74834 70994 67173 63373 59600 55858 52155 31499 28569 72045 68282 64548 60848 102298 153543 73238 69540 104345 148516 180494 107904 146294 181031 199947 221729 180060 199321 217331 237970 261943 215909 233088 252684 275305 301805 247537 266177 287573 312450 341820 278676 298957 322379 349791 309615 331724 357401 387634 340590 364717 392883 426230 371792 398133 429028 469625 403383 432136 468693 518089 12345000
4000 247332 18137 12963 15749 7889 10500 13793 3400 5250 8693 12472 293833 289270 286222 284318 0 4000 8000 12000 217076 221076 225076 229076 233076 237076 241076 245076 5250 3400 5250 8693 12472 166099 175717 183412 190499 197117 203366 209318 215030 220543 10500 7889 6800 7889 10500 13793 17385 21124 51116 95426 113778 127962 140638 152131 162674 172441 181566 190151 198279 12963 10956 10200 10956 12963 15749 18975 22451 26078 29800 33586 63589 94195 118314 130135 141085 151311 160925 170018 18137 15778 14176 13600 14176 15778 18137 20999 24186 27586 31128 34770 38483 42249 52547 76061 99905 124240 136741 20809 18788 17464 17000 17464 18788 20809 39812 43463 21913 20788 20400 20788 21913 23668 25109 24134 23800 24134 25109 28352 27493 27200 27493 28352 31628 30860 30600 30860 31628 34928 34234 34000 34234 34928 38246 37613 37400 37613 38246 41577 40996 40800 40996 44918 44381 44200 44381 48268 47768 47600 47768 51624 51157 51000 51157 54985 54547 54400 54547 12345000
8000 243332 15778 10956 12963 6800 7889 10500 5250 3400 5250 8693 287736 282460 278987 276838 4000 0 4000 8000 213076 217076 221076 225076 229076 233076 237076 241076 8693 5250 3400 5250 8693 163705 173409 181276 188455 195114 201371 207312 212999 218478 13793 10500 7889 6800 7889 10500 13793 17385 58639 98724 115406 129855 142649 154171 164687 174391 183428 191911 199335 15749 12963 10956 10200 10956 12963 15749 18975 22451 26078 54343 84108 111196 123890 135492 146212 156206 165590 174458 20999 18137 15778 14176 13600 14176 15778 18137 20999 24186 27586 31128 34770 56525 79763 103117 123669 134266 144220 23345 20809 18788 17464 17000 17464 18788 36235 39812 23668 21913 20788 20400 20788 21913 26654 25109 24134 23800 24134 29729 28352 27493 27200 27493 32869 31628 30860 30600 30860 36056 34928 34234 34000 34234 39278 38246 37613 37400 37613 42528 41577 40996 40800 45800 44918 44381 44200 49089 48268 47768 47600 52393 51624 51157 51000 55708 54985 54547 54400 12345000
12000 239332 14176 10200 10956 7889 6800 7889 8693 5250 3400 5250 281116 275013 271088 268705 8000 4000 0 4000 209076 213076 217076 221076 225076 229076 233076 237076 12472 8693 5250 3400 5250 161868 171597 179603 186835 193497 199729 205626 211259 216679 17385 13793 10500 7889 6800 7889 10500 24546 67445 101807 118717 133200 145932 157336 167705 177244 186108 193432 199803 18975 15749 12963 10956 10200 10956 12963 15749 18975 46777 76138 105156 118967 131189 142353 152670 162289 171326 179870 24186 20999 18137 15778 14176 13600 14176 15778 18137 20999 24186 38339 62006 84830 107499 122931 133650 143661 153086 26249 23345 20809 18788 17464 17000 17464 34904 55222 25926 23668 21913 20788 20400 20788 28678 26654 25109 24134 23800 31557 29729 28352 27493 27200 34531 32869 31628 30860 30600 37577 36056 34928 34234 34000 40679 39278 38246 37613 37400 43825 42528 41577 40996 47007 45800 44918 44381 50217 49089 48268 47768 53451 52393 51624 51157 56704 55708 54985 54547 12345000
16000 235332 13600 10956 10200 10500 7889 6800 12472 8693 5250 3400 273742 266677 262290 259715 12000 8000 4000 0 205076 209076 213076 217076 221076 225076 229076 233076 16357 12472 8693 5250 3400 160951 170542 178594 185798 192394 198540 204344 209880 215205 21124 17385 13793 10500 7889 6800 7889 39767 80488 108554 124765 138709 150994 162009 172023 181238 188348 194782 200915 22451 18975 15749 12963 10956 10200 10956 12963 45017 73890 100788 117247 129586 140824 151182 160817 169847 178366 186446 27586 24186 20999 18137 15778 14176 13600 14176 15778 20942 50266 73067 94281 114845 125939 136236 145889 155002 163654 29411 26249 23345 20809 18788 17464 17000 74590 92417 28569 25926 23668 21913 20788 20400 31088 28678 26654 25109 24134 33762 31557 29729 28352 27493 36556 34531 32869 31628 30860 39446 37577 36056 34928 34234 42412 40679 39278 38246 37613 45438 43825 42528 41577 48514 47007 45800 44918 51631 50217 49089 48268 54781 53451 52393 51624 57960 56704 55708 54985 12345000
221076 30257 259460 239377 241643 230092 228310 227517 225748 222964 220189 217299 12472 16357 20287 24240 217076 213076 209076 205076 0 4000 8000 12000 16000 20000 24000 28000 214953 210340 205589 200648 195432 5250 3400 5250 8693 12472 16357 20287 24240 28206 214939 210078 205046 199778 194159 181764 152007 117154 13793 10500 7889 6800 7889 10500 13793 17385 21124 24945 28814 211137 205934 194236 173470 151175 125846 50913 18975 15749 12963 10956 10200 10956 12963 15749 18975 22451 26078 29800 206709 190289 173131 154851 134539 81365 27586 24186 20999 18137 15778 14176 13600 14176 15778 18137 20999 24186 27586 176171 160432 143231 105304 48489 32757 29411 17000 17464 125686 73363 41378 37949 34643 77374 55170 46545 43156 39880 82624 51729 48372 45120 87873 143716 53594 50362 93123 143490 189346 55606 98373 144460 183801 233330 103623 146273 180650 223909 276841 148700 179167 216654 261186 178895 211788 250686 300806 208777 243630 285114 343144 238785 274149 321534 388591 266461 306181 360209 437569 12345000
225076 26257 271550 252073 253838 240946 239431 238732 233840 231307 228560 225991 8693 12472 16357 20287 221076 217076 213076 209076 4000 0 4000 8000 12000 16000 20000 24000 213985 208862 203480 197738 191467 8693 5250 3400 5250 8693 12472 16357 20287 24240 208610 202611 196150 189034 180933 159056 124557 42654 17385 13793 10500 7889 6800 7889 10500 13793 17385 21124 24945 197290 184646 161860 137029 109015 29800 26078 22451 18975 15749 12963 10956 10200 10956 12963 15749 18975 22451 26078 169313 149502 127931 63778 38483 34770 31128 27586 24186 20999 18137 15778 14176 13600 14176 15778 18137 20999 24186 114559 50922 47170 43463 39812 36235 32757 17464 17000 52155 48499 44902 41378 37949 94863 53576 50024 46545 52613 111790 55171 51729 71943 126240 165963 56924 88741 137076 171213 207200 103664 145821 176463 208382 246999 153963 181713 210388 243766 288822 186963 212992 242293 280671 216041 242082 275380 319441 242807 272116 309907 360389 270344 303293 346105 403816 298809 335791 384197 450032 12345000
229076 22257 289603 266454 269053 250756 249414 248770 241263 238812 236104 233718 5250 8693 12472 16357 225076 221076 217076 213076 8000 4000 0 4000 8000 12000 16000 20000 213939 208507 202770 196621 189886 12472 8693 5250 3400 5250 8693 12472 16357 20287 204236 197548 190282 182223 173022 144199 98167 24945 21124 17385 13793 10500 7889 6800 7889 10500 13793 17385 21124 183171 160556 132875 88870 37417 33586 29800 26078 22451 18975 15749 12963 10956 10200 10956 12963 15749 18975 22451 126981 88674 49889 46054 42249 38483 34770 31128 27586 24186 20999 18137 15778 14176 13600 14176 15778 18137 20999 58523 54708 50922 47170 43463 39812 36235 18788 17464 55858 52155 48499 44902 52303 110746 57188 53576 50024 82504 136371 58684 66095 107834 152229 182652 90567 129720 165721 191494 220934 149051 177711 199684 226184 260134 187737 207385 231434 261632 300796 214710 236683 263822 298239 241933 266529 297151 336328 269631 297153 331669 376183 297986 328752 367593 418062 327153 361496 405120 462213 12345000
233076 18257 306958 282604 285136 261373 261461 262293 248171 245625 243035 240747 3400 5250 8693 12472 229076 225076 221076 217076 12000 8000 4000 0 4000 8000 12000 16000 214580 208961 203028 196679 189761 16357 12472 8693 5250 3400 5250 8693 12472 16357 201309 194202 186485 177954 165142 126227 75088 28814 24945 21124 17385 13793 10500 7889 6800 7889 10500 13793 17385 159710 128299 91445 45637 41280 37417 33586 29800 26078 22451 18975 15749 12963 10956 10200 10956 12963 15749 18975 73617 57628 53749 49889 46054 42249 38483 34770 31128 27586 24186 20999 18137 15778 14176 13600 14176 15778 18137 62362 58523 54708 50922 47170 43463 39812 20809 18788 59600 55858 52155 48499 72478 126286 60848 57188 66072 109338 156543 63717 99859 140079 172358 195717 128665 166012 185948 207570 234130 181320 198219 218315 242691 273001 209467 228212 250702 278250 312877 237445 258290 283500 314653 265546 288750 317017 352221 294000 319830 351500 391222 322995 351726 387160 431893 352689 384605 424183 474449 12345000
237076 14257 323385 297588 300086 273612 273880 274830 254670 252021 249498 247257 5250 3400 5250 8693 233076 229076 225076 221076 16000 12000 8000 4000 0 4000 8000 12000 215747 210018 203983 197549 190587 20287 16357 12472 8693 5250 3400 5250 8693 12472 199482 192127 184168 175423 150755 110348 61952 32715 28814 24945 21124 17385 13793 10500 7889 6800 7889 10500 13793 130635 98217 60829 49072 45167 41280 37417 33586 29800 26078 22451 18975 15749 12963 10956 10200 10956 12963 15749 65429 61522 57628 53749 49889 46054 42249 38483 34770 31128 27586 24186 20999 18137 15778 14176 13600 14176 15778 66219 62362 58523 54708 50922 47170 43463 23345 20809 63373 59600 55858 52155 91470 141956 64548 60848 92846 134573 168855 96104 131557 167449 186721 208251 164407 185387 202514 222700 246945 200514 216726 235704 258285 285698 229697 247584 268688 294019 325067 258572 278357 301871 330317 287439 309353 335567 367505 316540 340817 370029 405847 346066 372948 405466 445568 376181 405913 442058 486870 12345000
241076 10257 338930 311559 314035 284974 285365 286386 260781 258085 255597 253370 8693 5250 3400 5250 237076 233076 229076 225076 20000 16000 12000 8000 4000 0 4000 8000 217324 211536 205456 199004 192071 24240 20287 16357 12472 8693 5250 3400 5250 8693 198512 191018 182268 168609 138484 99186 53480 36637 32715 28814 24945 21124 17385 13793 10500 7889 6800 7889 10500 106399 73767 56921 52991 49072 45167 41280 37417 33586 29800 26078 22451 18975 15749 12963 10956 10200 10956 12963 69347 65429 61522 57628 53749 49889 46054 42249 38483 34770 31128 27586 24186 20999 18137 15778 14176 13600 14176 70093 66219 62362 58523 54708 50922 47170 26249 23345 67173 63373 59600 65005 109928 152518 68282 80514 118621 156033 180188 127313 160935 183197 200339 220357 187594 201825 218146 237101 259453 218583 234149 252132 273189 298255 248728 265819 285701 309164 337336 278427 297240 319269 345451 307992 328731 353160 382384 337671 360544 387634 420228 367662 392883 422900 461091 398133 425920 459919 508293 12345000
245076 6257 353654 324646 327098 295592 296062 297118 266553 263883 261407 260553 12472 8693 5250 3400 241076 237076 233076 229076 24000 20000 16000 12000 8000 4000 0 4000 219229 213415 207326 200894 194026 28206 24240 20287 16357 12472 8693 5250 3400 5250 198223 189405 177432 163226 129001 90940 47617 40574 36637 32715 28814 24945 21124 17385 13793 10500 7889 6800 7889 85684 64808 60861 56921 52991 49072 45167 41280 37417 33586 29800 26078 22451 18975 15749 12963 10956 10200 10956 73273 69347 65429 61522 57628 53749 49889 46054 42249 38483 34770 31128 27586 24186 20999 18137 15778 14176 13600 73980 70093 66219 62362 58523 54708 56748 29411 26249 70994 67173 63373 84195 128234 161496 72045 106381 143893 170189 191094 157841 178882 197070 213345 232092 203677 217417 233015 250905 271687 235720 250687 267785 287538 310673 266775 283135 301941 323818 349639 297251 315180 335909 360181 327468 347147 370023 396968 357683 379296 404548 443658 388101 411839 448908 490914 419081 454158 493190 537569 12345000
249076 2257 370394 336959 339381 305574 306089 307151 272121 269708 268545 267755 16357 12472 8693 5250 245076 241076 237076 233076 28000 24000 20000 16000 12000 8000 4000 0 221399 215581 209506 203116 196332 32180 28206 24240 20287 16357 12472 8693 5250 3400 196840 186051 174119 154974 121489 84650 48479 44522 40574 36637 32715 28814 24945 21124 17385 13793 10500 7889 6800 72719 68761 64808 60861 56921 52991 49072 45167 41280 37417 33586 29800 26078 22451 18975 15749 12963 10956 10200 77207 73273 69347 65429 61522 57628 53749 49889 46054 42249 38483 34770 31128 27586 24186 20999 18137 15778 14176 77878 73980 70093 66219 62362 58523 66643 32757 29411 74834 70994 67173 103265 144890 170170 95742 132024 161449 183365 201626 176250 195500 210318 225829 243493 219011 232293 247240 264205 283664 252064 266480 282791 301421 322945 283993 299688 317543 338063 361935 315214 332343 351932 374578 346056 364780 388958 426095 376782 402626 437337 475031 415257 447835 483133 522140 457721 490893 527390 568326 12345000
3400 222722 23345 18137 20999 12963 15749 18975 7889 10500 13793 17385 274617 258656 254499 253472 5250 8693 12472 16357 214953 213985 213939 214580 215747 217324 219229 221399 0 4000 8000 12000 16000 158838 162838 166838 170838 174838 178838 182838 186838 190838 5250 3400 5250 8693 12472 16357 20287 24240 28206 32180 36160 79070 111380 119341 126771 133772 140418 146770 152874 7889 6800 7889 10500 13793 17385 21124 24945 28814 32715 36637 40574 44522 48479 52443 56411 60384 64360 68339 12963 10956 10200 10956 12963 15749 18975 22451 26078 29800 33586 37417 41280 45167 49072 52991 56921 60861 64808 15778 14176 13600 14176 15778 18137 20999 42249 46054 17464 17000 17464 18788 20809 23345 20788 20400 20788 21913 23668 24134 23800 24134 25109 26654 27493 27200 27493 28352 29729 30860 30600 30860 31628 32869 34234 34000 34234 34928 36056 37613 37400 37613 38246 40996 40800 40996 41577 44381 44200 44381 44918 47768 47600 47768 48268 51157 51000 51157 51624 12345000
5250 216908 20809 15778 18137 10956 12963 15749 6800 7889 10500 13793 265025 249388 247218 246035 3400 5250 8693 12472 210340 208862 208507 208961 210018 211536 213415 215581 4000 0 4000 8000 12000 154838 158838 162838 166838 170838 174838 178838 182838 186838 8693 5250 3400 5250 8693 12472 16357 20287 24240 28206 52647 101675 110433 118455 125901 132887 139499 145804 151853 10500 7889 6800 7889 10500 13793 17385 21124 24945 28814 32715 36637 40574 44522 48479 52443 56411 60384 84827 15749 12963 10956 10200 10956 12963 15749 18975 22451 26078 29800 33586 37417 41280 45167 49072 52991 56921 60861 18137 15778 14176 13600 14176 15778 18137 38483 42249 18788 17464 17000 17464 18788 20809 21913 20788 20400 20788 21913 25109 24134 23800 24134 25109 28352 27493 27200 27493 28352 31628 30860 30600 30860 31628 34928 34234 34000 34234 34928 38246 37613 37400 37613 41577 40996 40800 40996 44918 44381 44200 44381 48268 47768 47600 47768 51624 51157 51000 51157 12345000
8693 210848 18788 14176 15778 10200 10956 12963 7889 6800 7889 10500 253573 241796 239354 238036 5250 3400 5250 8693 205589 203480 202770 203028 203983 205456 207326 209506 8000 4000 0 4000 8000 150838 154838 158838 162838 166838 170838 174838 178838 182838 12472 8693 5250 3400 5250 8693 12472 16357 20287 34362 77540 101223 110073 118112 125530 132461 139002 145226 151190 13793 10500 7889 6800 7889 10500 13793 17385 21124 24945 28814 32715 36637 40574 44522 58602 81102 105746 126606 18975 15749 12963 10956 10200 10956 12963 15749 18975 22451 26078 29800 33586 37417 41280 45167 49072 52991 56921 20999 18137 15778 14176 13600 14176 15778 34770 38483 20809 18788 17464 17000 17464 18788 23668 21913 20788 20400 20788 26654 25109 24134 23800 24134 29729 28352 27493 27200 27493 32869 31628 30860 30600 30860 36056 34928 34234 34000 34234 39278 38246 37613 37400 42528 41577 40996 40800 45800 44918 44381 44200 49089 48268 47768 47600 52393 51624 51157 51000 12345000
12472 204488 17464 13600 14176 10956 10200 10956 10500 7889 6800 7889 239073 233432 230734 229320 8693 5250 3400 5250 200648 197738 196621 196679 197549 199004 200894 203116 12000 8000 4000 0 4000 146838 150838 154838 158838 162838 166838 170838 174838 178838 16357 12472 8693 5250 3400 5250 8693 12472 19781 55217 91566 101634 110491 118470 125791 132605 139020 145117 150954 17385 13793 10500 7889 6800 7889 10500 13793 17385 21124 24945 28814 36138 55214 75504 97296 115805 123000 129840 22451 18975 15749 12963 10956 10200 10956 12963 15749 18975 22451 26078 29800 33586 37417 41280 45167 52495 66398 24186 20999 18137 15778 14176 13600 14176 31128 34770 23345 20809 18788 17464 17000 17464 25926 23668 21913 20788 20400 28678 26654 25109 24134 23800 31557 29729 28352 27493 27200 34531 32869 31628 30860 30600 37577 36056 34928 34234 34000 40679 39278 38246 37613 43825 42528 41577 40996 47007 45800 44918 44381 50217 49089 48268 47768 53451 52393 51624 51157 12345000
16357 197755 17000 14176 13600 12963 10956 10200 13793 10500 7889 6800 229065 224006 221104 219672 12472 8693 5250 3400 195432 191467 189886 189761 190587 192071 194026 196332 16000 12000 8000 4000 0 142838 146838 150838 154838 158838 162838 166838 170838 174838 20287 16357 12472 8693 5250 3400 5250 8693 38644 72793 93285 103283 111979 119759 126868 133470 139680 145580 151232 21124 17385 13793 10500 7889 6800 7889 10500 13793 17385 33331 51116 69610 89150 105932 113572 120740 127522 133987 26078 22451 18975 15749 12963 10956 10200 10956 12963 15749 18975 22451 26078 37406 50404 63589 77103 91048 105507 27586 24186 20999 18137 15778 14176 13600 27586 31128 26249 23345 20809 18788 17464 17000 28569 25926 23668 21913 20788 31088 28678 26654 25109 24134 33762 31557 29729 28352 27493 36556 34531 32869 31628 30860 39446 37577 36056 34928 34234 42412 40679 39278 38246 45438 43825 42528 41577 48514 47007 45800 44918 51631 50217 49089 48268 54781 53451 52393 51624 12345000
168856 34425 239986 207569 216660 191173 192516 196732 177995 177361 178107 180598 17385 21124 24945 28814 166099 163705 161868 160951 5250 8693 12472 16357 20287 24240 28206 32180 158838 154838 150838 146838 142838 0 4000 8000 12000 16000 20000 24000 28000 32000 152897 147617 141939 135020 114244 90061 58731 12472 8693 5250 3400 5250 8693 12472 16357 20287 24240 28206 32180 110348 94090 75088 50515 24945 21124 17385 13793 10500 7889 6800 7889 10500 13793 17385 21124 24945 28814 32715 74717 53619 37417 33586 29800 26078 22451 18975 15749 12963 10956 10200 10956 12963 15749 18975 22451 26078 29800 46054 42249 38483 34770 31128 27586 24186 14176 15778 43463 39812 36235 32757 29411 72124 44902 41378 37949 34643 77374 46545 43156 39880 82624 135646 48372 45120 87873 135016 178966 51398 93123 135838 172476 223363 98373 137630 168949 210399 267812 140103 167376 202208 249115 167162 197103 236326 288076 194113 227353 270193 330311 221379 258231 305479 376321 249289 288621 343371 426677 12345000
178369 30447 250409 221339 228325 204446 205634 208892 189890 189546 190362 192080 13793 17385 21124 24945 175717 173409 171597 170542 3400 5250 8693 12472 16357 20287 24240 28206 162838 158838 154838 150838 146838 4000 0 4000 8000 12000 16000 20000 24000 28000 147783 141490 134554 115977 93284 66701 33193 16357 12472 8693 5250 3400 5250 8693 12472 16357 20287 24240 28206 73402 53480 36637 32715 28814 24945 21124 17385 13793 10500 7889 6800 7889 10500 13793 17385 21124 24945 28814 49072 45167 41280 37417 33586 29800 26078 22451 18975 15749 12963 10956 10200 10956 12963 15749 18975 22451 26078 49889 46054 42249 38483 34770 31128 27586 13600 14176 47170 43463 39812 36235 32757 92226 48499 44902 41378 56727 110325 50024 46545 76544 125372 160714 58496 93466 135072 165963 200552 108321 143831 171213 201378 239414 151929 176463 203206 235317 280834 181713 205730 233396 271118 208756 232968 265000 309157 233609 261315 298286 349787 259355 290971 333505 393364 286147 322120 370903 440271 12345000
185884 26476 261058 233960 239598 216364 217435 220095 200489 200294 201096 202255 10500 13793 17385 21124 183412 181276 179603 178594 5250 3400 5250 8693 12472 16357 20287 24240 166838 162838 158838 154838 150838 8000 4000 0 4000 8000 12000 16000 20000 24000 144520 137657 122234 101534 78322 51547 24240 20287 16357 12472 8693 5250 3400 5250 8693 12472 16357 20287 24240 48479 44522 40574 36637 32715 28814 24945 21124 17385 13793 10500 7889 6800 7889 10500 13793 17385 21124 24945 52991 49072 45167 41280 37417 33586 29800 26078 22451 18975 15749 12963 10956 10200 10956 12963 15749 18975 22451 53749 49889 46054 42249 38483 34770 31128 14176 13600 50922 47170 43463 39812 57354 110416 52155 48499 49319 89294 136934 53576 78560 115334 153043 178860 103087 137437 166715 187925 215684 155909 176944 196231 220934 253771 186339 203985 226184 254959 293725 211323 231434 256974 290427 236683 259586 288914 327687 262645 288679 322263 367042 289390 318908 357247 408779 317071 350447 394076 453185 12345000
192862 22515 271601 245615 250335 227209 228177 230424 210092 209961 210698 211414 7889 10500 13793 17385 190499 188455 186835 185798 8693 5250 3400 5250 8693 12472 16357 20287 170838 166838 162838 158838 154838 12000 8000 4000 0 4000 8000 12000 16000 20000 142596 130003 110978 90139 66974 40668 28206 24240 20287 16357 12472 8693 5250 3400 5250 8693 12472 16357 20287 52443 48479 44522 40574 36637 32715 28814 24945 21124 17385 13793 10500 7889 6800 7889 10500 13793 17385 21124 56921 52991 49072 45167 41280 37417 33586 29800 26078 22451 18975 15749 12963 10956 10200 10956 12963 15749 18975 57628 53749 49889 46054 42249 38483 34770 15778 14176 54708 50922 47170 43463 79768 128409 55858 52155 80386 118797 156110 83394 115001 150376 171966 193182 143879 169903 185818 205384 230111 183300 198199 216320 238868 267751 209465 226309 246991 273001 306711 235572 254640 278250 308218 261922 283500 310417 344860 288750 313133 343749 383212 316244 343736 378461 423524 344561 375479 414746 466033 12345000
199419 18571 282999 256446 260505 237186 238054 239989 218912 218790 219432 219776 6800 7889 10500 13793 197117 195114 193497 192394 12472 8693 5250 3400 5250 8693 12472 16357 174838 170838 166838 162838 158838 16000 12000 8000 4000 0 4000 8000 12000 16000 138375 120722 101670 80919 58045 36160 32180 28206 24240 20287 16357 12472 8693 5250 3400 5250 8693 12472 16357 56411 52443 48479 44522 40574 36637 32715 28814 24945 21124 17385 13793 10500 7889 6800 7889 10500 13793 17385 60861 56921 52991 49072 45167 41280 37417 33586 29800 26078 22451 18975 15749 12963 10956 10200 10956 12963 15749 61522 57628 53749 49889 46054 42249 39694 18137 15778 58523 54708 50922 59431 101236 142719 59600 75543 109928 145476 168977 118621 149560 171450 187438 206838 174543 188432 203539 221711 244053 203587 217886 234951 255696 281504 230888 246949 266279 289998 319818 257979 276047 297957 325067 285176 305503 330317 361248 312723 335567 363621 398818 340817 366443 398083 438014 369617 398301 433887 479046 12345000
205638 14656 298295 266571 271106 246450 247218 248899 227105 226956 227487 227506 7889 6800 7889 10500 203366 201371 199729 198540 16357 12472 8693 5250 3400 5250 8693 12472 178838 174838 170838 166838 162838 20000 16000 12000 8000 4000 0 4000 8000 12000 130484 112843 93881 73338 50861 40144 36160 32180 28206 24240 20287 16357 12472 8693 5250 3400 5250 8693 12472 60384 56411 52443 48479 44522 40574 36637 32715 28814 24945 21124 17385 13793 10500 7889 6800 7889 10500 13793 64808 60861 56921 52991 49072 45167 41280 37417 33586 29800 26078 22451 18975 15749 12963 10956 10200 10956 12963 65429 61522 57628 53749 49889 46054 51129 20999 18137 62362 58523 54708 81640 122466 152804 72253 105007 138772 161496 181221 152192 170189 186959 202032 219959 193475 205808 220185 237175 257605 222618 236346 252472 271703 295072 250967 266295 284434 306249 333005 278954 296096 316523 341274 306907 326088 349083 377134 335084 356530 382384 414109 363687 387634 416642 452429 392883 419570 452041 497941 12345000
