0 128397 601203 556834 535447 518827 505751 504949 485464 470813 459647 451076 441298 426836 407729 386930 373531 363053 354802 299026 289661 282912 278069 274660 272358 84845 88845 92845 96845 100845 104845 108845 112845 116845 120845 124845 33885 45178 55017 63352 70629 77177 83209 88864 94238 99395 104383 109237 81912 46957 33275 33195 39134 46509 53871 60877 67490 73750 79709 85417 90916 96240 87161 60024 44121 36675 35846 39146 44384 50342 56476 62563 68519 74319 79962 70112 54846 45075 40075 39107 41084 44871 49634 54869 60302 65789 71256 76665 64397 54085 47205 43475 42519 43775 46598 50435 54884 59682 64668 69743 62735 55077 49837 46875 45973 46803 48973 52109 55904 60133 64640 69317 62956 56926 52726 50275 49434 49998 51712 54315 57578 61315 65383 69681 74133 59251 55763 53675 52894 53283 54668 56862 59693 63009 66687 70633 74774 61866 58892 57075 56349 56619 57759 59635 62113 65072 68407 72033 75883 79902 64669 62082 60475 59799 59984 60939 62563 64752 67407 70442 73780 77361 81132 65316 63875 63243 63367 64178 65600 67549 69946 72718 75800 79134 82675 68580 67275 66682 66761 67459 68715 70464 72641 75183 78035 81146 84473 87978 70117 70162 70769 71889 73469 75456 77797 80444 83352 86481 73568 74101 75107 76543 78366 80530 82994 85718 88666 78358 79672 81351 83359 85659 82843 84397 86267
128397 0 37176 18437 21343 32584 39939 10210 11128 13244 16093 28596 39492 10162 7672 6815 8126 10845 26749 15919 12042 8282 4917 3429 5599 43552 39552 35552 31552 27552 23552 19552 15552 11552 7552 3552 51664 47673 43684 39698 35714 31734 27761 23796 19845 15919 12042 8282 63915 59939 55966 51998 48036 44079 40132 36196 32276 28379 24514 20701 16973 13405 68318 64365 60419 56480 52551 48633 44730 40846 36986 33160 29379 25666 22052 68907 64991 61085 57192 53316 49458 45626 41825 38064 34358 30726 27196 85589 69658 65786 61931 58095 54282 50499 46752 43050 39407 35840 32374 240811 70565 66746 62949 59179 55441 51743 48093 44503 40989 37572 249117 268473 71622 67862 64132 60435 56780 53175 49631 46160 42783 256692 273274 293094 296442 69128 65469 61853 58287 54781 51348 48002 263768 278191 297741 299673 304911 70535 66954 63422 59950 56547 261892 270491 283182 302120 303546 306927 313744 332677 72075 68574 65131 61754 269115 276953 288226 304526 307804 309939 314575 324188 347972 70322 66968 276055 283219 293308 307533 312310 313564 316718 322427 337400 362713 72188 282767 289332 298418 310969 316983 317588 319685 323734 331682 350334 376873 415067 303551 314722 321774 321885 323199 326051 330879 343180 362942 390454 326651 326375 327090 329050 332574 339290 354505 375198 403474 332527 335070 339189 349564 365622 341202 346969 359723
601203 37176 0 12472 8693 5250 3400 24945 21124 17385 13793 10500 7889 33586 29800 26078 22451 18975 15749 42249 38483 34770 31128 27586 24186 393212 346747 250034 105291 54708 50922 47170 43463 39812 36235 32757 349082 262507 150724 67173 63373 59600 55858 52155 48499 44902 41378 37949 350246 274979 184857 79639 75832 72045 68282 64548 60848 57188 53576 50024 46545 43156 212695 92108 88294 84498 80721 76966 73238 69540 65877 62256 58684 55171 51729 96955 93168 89400 85653 81929 78233 74568 70939 67353 63815 60335 56924 136027 98082 94340 90620 86925 83259 79624 76026 72471 68964 65513 62129 286753 99311 95618 91950 88311 84704 81134 77606 74127 70702 67341 302487 351723 100641 96998 93384 89803 86259 82757 79301 75899 72558 316447 361385 397233 417066 98477 94919 91398 87918 84485 81103 77779 329058 370379 402483 420601 437918 100049 96549 93090 89676 86312 302646 340617 378847 407732 424377 440297 456019 480840 101710 98270 94874 91526 316163 351337 386893 412982 428345 443053 457533 478375 503158 100077 96744 328619 361379 394596 418232 432470 446116 459519 476955 499587 523982 101965 340212 370862 402015 423482 436725 449430 461889 476370 497206 519387 543669 570958 409198 428731 441089 452956 464579 476776 495774 516121 538110 562454 445544 456659 467535 478389 495114 513913 534011 555979 580496 480879 495093 512565 531076 551089 511927 529084 547461
556834 18437 12472 0 4000 8000 12000 12472 8693 5250 3400 5250 8693 21124 17385 13793 10500 7889 6800 29800 26078 22451 18975 15749 12963 364451 325801 237562 103826 42249 38483 34770 31128 27586 24186 20999 326405 250034 154892 54708 50922 47170 43463 39812 36235 32757 29411 26249 327272 262507 189270 67173 63373 59600 55858 52155 48499 44902 41378 37949 34643 31499 212442 105221 75832 72045 68282 64548 60848 57188 53576 50024 46545 43156 39880 84498 80721 76966 73238 69540 65877 62256 58684 55171 51729 48372 45120 43110 85653 81929 78233 74568 70939 67353 63815 60335 56924 53594 50362 48360 86925 83259 79624 76026 72471 68964 65513 62129 58822 55606 53610 202648 88311 84704 81134 77606 74127 70702 67341 64053 60850 58859 196214 290305 328546 86259 82757 79301 75899 72558 69287 66096 64109 191393 285617 327745 347271 87918 84485 81103 77779 74523 71342 69359 187861 277949 326127 345581 363950 390954 89676 86312 83005 79761 76588 74609 185377 271172 322449 344928 361527 382149 411110 88233 85000 81835 79858 183758 265742 319508 345083 360234 376097 401066 430187 90241 87082 85108 182865 261421 317201 345882 359821 374251 393697 418999 448357 483305 182586 258029 315449 346614 360108 373348 388313 410670 436113 465744 314186 344927 360966 373197 385943 404470 426889 452525 482436 373658 385404 399903 419922 442465 396906 414691 434778
535447 21343 8693 4000 0 4000 8000 16357 12472 8693 5250 3400 5250 24945 21124 17385 13793 10500 7889 33586 29800 26078 22451 18975 15749 335974 296141 204363 67207 46054 42249 38483 34770 31128 27586 24186 276831 194865 79679 58523 54708 50922 47170 43463 39812 36235 32757 29411 264736 190896 92151 70994 67173 63373 59600 55858 52155 48499 44902 41378 37949 34643 104624 83465 79639 75832 72045 68282 64548 60848 57188 53576 50024 46545 43156 88294 84498 80721 76966 73238 69540 65877 62256 58684 55171 51729 48372 56197 89400 85653 81929 78233 74568 70939 67353 63815 60335 56924 53594 103399 90620 86925 83259 79624 76026 72471 68964 65513 62129 58822 137916 302823 91950 88311 84704 81134 77606 74127 70702 67341 64053 169748 308072 346680 365628 89803 86259 82757 79301 75899 72558 69287 194657 313322 350066 367264 384263 91398 87918 84485 81103 77779 74523 215067 318572 353732 369448 384902 400728 424795 93090 89676 86312 83005 79761 232380 323822 357620 372062 386212 400570 419716 444895 91526 88233 85000 247468 329071 361684 375019 388051 401181 416343 438561 463966 93463 101318 260902 334321 365569 378256 390316 402401 414864 434134 456462 482194 512566 339571 368733 381725 392930 404110 415556 431155 451050 473596 499705 385386 395833 406222 416794 429306 447228 467257 490083 516588 418479 428632 444648 462640 482870 443057 459369 477500
518827 32584 5250 8000 4000 0 4000 20287 16357 12472 8693 5250 3400 28814 24945 21124 17385 13793 10500 37417 33586 29800 26078 22451 18975 315762 276419 175440 53749 49889 46054 42249 38483 34770 31128 27586 235085 141907 66219 62362 58523 54708 50922 47170 43463 39812 36235 32757 204254 121621 78690 74834 70994 67173 63373 59600 55858 52155 48499 44902 41378 37949 91162 87307 83465 79639 75832 72045 68282 64548 60848 57188 53576 50024 46545 92108 88294 84498 80721 76966 73238 69540 65877 62256 58684 55171 51729 272627 93168 89400 85653 81929 78233 74568 70939 67353 63815 60335 56924 291016 94340 90620 86925 83259 79624 76026 72471 68964 65513 62129 306718 350844 95618 91950 88311 84704 81134 77606 74127 70702 97786 320502 360474 391983 408238 93384 89803 86259 82757 79301 75899 296813 332866 369392 397233 411912 426189 94919 91398 87918 84485 81103 311161 344144 377759 402483 415825 428788 441932 463047 96549 93090 89676 86312 324172 354573 385692 407732 419927 431768 443701 461098 483198 94874 153224 336129 364323 393276 412982 424179 435049 445953 460279 479596 502518 320998 347240 373522 400576 418232 428554 438576 448592 460335 477596 497803 520925 547757 407639 423482 433031 442303 451545 461083 476751 494596 515156 538596 437592 446199 454758 463487 476713 492559 511054 531825 555647 466264 477326 491651 508247 526870 491615 506469 523327
505751 39939 3400 12000 8000 4000 0 24240 20287 16357 12472 8693 5250 32715 28814 24945 21124 17385 13793 41280 37417 33586 29800 26078 22451 300987 261920 154993 57628 53749 49889 46054 42249 38483 34770 31128 192798 100388 70093 66219 62362 58523 54708 50922 47170 43463 39812 36235 147141 86442 82560 78690 74834 70994 67173 63373 59600 55858 52155 48499 44902 85757 95029 91162 87307 83465 79639 75832 72045 68282 64548 60848 57188 53576 50024 95937 92108 88294 84498 80721 76966 73238 69540 65877 62256 58684 99550 324350 96955 93168 89400 85653 81929 78233 74568 70939 67353 63815 182447 347776 98082 94340 90620 86925 83259 79624 76026 72471 113343 279434 367300 406544 99311 95618 91950 88311 84704 81134 77606 180279 348341 384126 419586 444235 460407 96998 93384 89803 86259 127136 251471 366751 398992 431376 450873 465657 478940 98477 94919 92019 183582 349646 382985 412381 442201 457481 470906 482972 494730 513294 100049 140928 242551 370166 397575 424623 452264 463974 476156 487173 497652 513801 532257 312191 385725 410886 435955 460386 470292 481406 491512 501121 515008 531611 550281 399899 423178 446549 467227 476469 486656 495962 504810 516765 531832 548547 567613 589897 473868 482532 491905 500504 508680 518966 532736 547840 564838 584402 497155 505123 512702 521527 534187 547942 563244 580628 600741 524387 536085 548691 562579 578179 549970 562658 576774
504949 10210 24945 12472 16357 20287 24240 0 4000 8000 12000 16000 20000 8693 5250 3400 5250 8693 12472 17385 13793 10500 7889 6800 7889 329301 300687 225090 116287 29800 26078 22451 18975 15749 12963 10956 299419 237562 166581 42249 38483 34770 31128 27586 24186 20999 18137 15778 300582 250034 193875 88928 50922 47170 43463 39812 36235 32757 29411 26249 23345 20809 215737 149873 63373 59600 55858 52155 48499 44902 41378 37949 34643 31499 28569 72045 68282 64548 60848 57188 53576 50024 46545 43156 39880 36748 33800 31088 73238 69540 65877 62256 58684 55171 51729 48372 45120 41998 39036 36275 74568 70939 67353 63815 60335 56924 53594 50362 47248 44276 41477 81240 76026 72471 68964 65513 62129 58822 55606 52498 49518 46690 52234 153830 207066 74127 70702 67341 64053 60850 57747 54761 51911 49222 120269 189730 231248 75899 72558 69287 66096 62997 60005 57137 54412 94203 175114 214955 251503 294981 77779 74523 71342 68247 65251 62367 59612 73108 150182 201146 235917 269071 315102 76588 73497 70497 67600 64821 62175 126496 189161 222844 253982 287762 333596 78746 75743 72835 70036 67357 107166 174639 211596 241436 269962 305938 350757 404981 75255 72549 91001 152956 201742 230734 257802 284679 322811 366795 77245 135118 193340 221431 247506 272506 301324 338605 381870 213231 238623 262517 285923 316894 253956 276171 299615
485464 11128 21124 8693 12472 16357 20287 4000 0 4000 8000 12000 16000 12472 8693 5250 3400 5250 8693 21124 17385 13793 10500 7889 6800 299405 267120 180409 54734 33586 29800 26078 22451 18975 15749 12963 241354 166642 67207 46054 42249 38483 34770 31128 27586 24186 20999 18137 228416 162392 79679 58523 54708 50922 47170 43463 39812 36235 32757 29411 26249 23345 92151 70994 67173 63373 59600 55858 52155 48499 44902 41378 37949 34643 31499 75832 72045 68282 64548 60848 57188 53576 50024 46545 43156 39880 36748 33800 76966 73238 69540 65877 62256 58684 55171 51729 48372 45120 41998 39036 78233 74568 70939 67353 63815 60335 56924 53594 50362 47248 44276 124486 79624 76026 72471 68964 65513 62129 58822 55606 52498 49518 106904 203271 250269 77606 74127 70702 67341 64053 60850 57747 54761 92804 183021 238711 276264 79301 75899 72558 69287 66096 62997 60005 81338 165203 228915 265410 297453 335562 81103 77779 74523 71342 68247 65251 71937 151205 220498 256315 287007 316483 356684 79761 76588 73497 70497 67600 139776 209011 248562 278365 305342 336953 376139 81835 78746 75743 72835 130249 195053 241878 271078 296977 321704 355752 394259 436874 78073 122262 183340 236078 264851 289999 313232 340035 373245 410275 173853 230395 259486 284098 306451 327787 357048 389675 425368 279060 300772 321121 344221 373007 315587 334456 359815
470813 13244 17385 5250 8693 12472 16357 8000 4000 0 4000 8000 12000 16357 12472 8693 5250 3400 5250 24945 21124 17385 13793 10500 7889 279297 245563 146009 41280 37417 33586 29800 26078 22451 18975 15749 187338 105739 53749 49889 46054 42249 38483 34770 31128 27586 24186 20999 154267 83780 66219 62362 58523 54708 50922 47170 43463 39812 36235 32757 29411 26249 78690 74834 70994 67173 63373 59600 55858 52155 48499 44902 41378 37949 34643 79639 75832 72045 68282 64548 60848 57188 53576 50024 46545 43156 39880 37860 80721 76966 73238 69540 65877 62256 58684 55171 51729 48372 45120 43110 81929 78233 74568 70939 67353 63815 60335 56924 53594 50362 48360 188994 83259 79624 76026 72471 68964 65513 62129 58822 55606 53610 182209 269949 310888 81134 77606 74127 70702 67341 64053 60850 58859 177234 265001 305458 330681 82757 79301 75899 72558 69287 66096 64109 173669 256424 301178 329066 345692 371624 84485 81103 77779 74523 71342 69359 171232 249696 297824 326714 343298 361938 390569 83005 79761 76588 74609 169713 244424 295235 323555 342183 356413 379513 408546 85000 81835 79858 168951 240329 293295 321130 342029 354714 371713 396237 425689 462025 168939 237204 291913 319316 341441 354056 366452 387402 412240 442096 288733 318022 339749 354205 365339 381058 402447 427612 457841 354992 365088 376564 395291 416934 375414 390104 409021
459647 16093 13793 3400 5250 8693 12472 12000 8000 4000 0 4000 8000 20287 16357 12472 8693 5250 3400 28814 24945 21124 17385 13793 10500 264724 226915 123380 45167 41280 37417 33586 29800 26078 22451 18975 139737 61522 57628 53749 49889 46054 42249 38483 34770 31128 27586 24186 90411 73980 70093 66219 62362 58523 54708 50922 47170 43463 39812 36235 32757 29411 82560 78690 74834 70994 67173 63373 59600 55858 52155 48499 44902 41378 37949 83465 79639 75832 72045 68282 64548 60848 57188 53576 50024 46545 43156 54016 84498 80721 76966 73238 69540 65877 62256 58684 55171 51729 48372 110204 85653 81929 78233 74568 70939 67353 63815 60335 56924 53594 153003 297573 86925 83259 79624 76026 72471 68964 65513 62129 58822 185846 302823 337533 353126 84704 81134 77606 74127 70702 67341 64053 210415 308072 341083 355001 369237 86259 82757 79301 75899 72558 69287 229993 313322 344912 357444 370134 383681 406058 87918 84485 81103 77779 74523 246320 318572 348956 360319 371742 383760 400645 424806 86312 83005 93896 260404 323822 353169 363532 373893 384672 397240 418003 442707 88233 127969 272874 329071 356365 367015 376471 386222 396644 413461 434613 459893 490837 334321 359637 370717 379389 388271 397663 410572 429002 450597 476448 374598 382586 390720 399248 408934 425217 443984 466039 492436 401286 409607 422815 439351 458486 421488 436224 453053
451076 28596 10500 5250 3400 5250 8693 16000 12000 8000 4000 0 4000 24240 20287 16357 12472 8693 5250 32715 28814 24945 21124 17385 13793 251565 212247 105819 49072 45167 41280 37417 33586 29800 26078 22451 96922 65429 61522 57628 53749 49889 46054 42249 38483 34770 31128 27586 81786 77878 73980 70093 66219 62362 58523 54708 50922 47170 43463 39812 36235 32757 86442 82560 78690 74834 70994 67173 63373 59600 55858 52155 48499 44902 41378 87307 83465 79639 75832 72045 68282 64548 60848 57188 53576 50024 46545 280026 88294 84498 80721 76966 73238 69540 65877 62256 58684 55171 55447 298171 89400 85653 81929 78233 74568 70939 67353 63815 60335 127418 313420 351020 90620 86925 83259 79624 76026 72471 68964 65513 233716 326683 360491 386733 398752 88311 84704 81134 77606 74127 89512 308923 338517 369224 391983 402642 413450 89803 86259 82757 79301 146393 322357 349284 377399 397233 406758 416368 426653 445459 91398 87918 84485 218413 334520 359230 385140 402483 411049 419659 428771 443544 463436 117974 323182 345697 368529 392538 407732 415476 423238 431382 442907 460172 480750 335302 356094 377309 399660 412982 420013 427045 434373 443226 458422 476211 497512 523548 406555 418232 424638 431036 437665 444790 457805 473403 491767 513791 429336 435177 441201 447627 458058 471895 487954 506910 529631 450761 458996 471385 485593 502139 471663 484352 498962
441298 39492 7889 8693 5250 3400 5250 20000 16000 12000 8000 4000 0 28206 24240 20287 16357 12472 8693 36637 32715 28814 24945 21124 17385 242120 200762 90203 52991 49072 45167 41280 37417 33586 29800 26078 73273 69347 65429 61522 57628 53749 49889 46054 42249 38483 34770 31128 85703 81786 77878 73980 70093 66219 62362 58523 54708 50922 47170 43463 39812 130705 90334 86442 82560 78690 74834 70994 67173 63373 59600 55858 52155 48499 88403 91162 87307 83465 79639 75832 72045 68282 64548 60848 57188 62898 168717 344070 92108 88294 84498 80721 76966 73238 69540 65877 62256 133339 246693 365685 93168 89400 85653 81929 78233 74568 70939 110854 196922 344094 383501 414235 94340 90620 86925 83259 79624 95536 166940 260486 371845 398803 426509 445406 455157 91950 88311 84763 147102 220323 337060 388107 412327 437601 451885 460407 468382 93384 133305 194618 274279 380510 402476 424537 447794 458147 465657 472717 480183 495403 177069 240994 337516 395515 415443 435739 457197 464245 470906 477193 483640 496244 512080 390615 409049 427332 446148 463692 470216 476156 481781 487518 497829 511690 528298 421451 438371 455920 470119 476086 481406 486456 491587 499981 512253 526719 544161 565582 476554 481876 486656 491204 495809 502575 513540 526292 541434 559722 491905 496010 500156 505521 515392 526742 540047 555889 575004 508752 517695 527877 539682 553571 529557 540118 552414
426836 10162 33586 21124 24945 28814 32715 8693 12472 16357 20287 24240 28206 0 4000 8000 12000 16000 20000 8693 5250 3400 5250 8693 12472 253344 229206 146626 42262 21124 17385 13793 10500 7889 6800 7889 190044 130375 54734 33586 29800 26078 22451 18975 15749 12963 10956 10200 175440 127322 67207 46054 42249 38483 34770 31128 27586 24186 20999 18137 15778 14176 79679 58523 54708 50922 47170 43463 39812 36235 32757 29411 26249 23345 20809 63373 59600 55858 52155 48499 44902 41378 37949 34643 31499 28569 25926 23668 64548 60848 57188 53576 50024 46545 43156 39880 36748 33800 31088 28678 65877 62256 58684 55171 51729 48372 45120 41998 39036 36275 33762 31557 67353 63815 60335 56924 53594 50362 47248 44276 41477 38889 36556 80505 155202 65513 62129 58822 55606 52498 49518 46690 44045 41617 39446 130785 172954 67341 64053 60850 57747 54761 51911 49222 46720 44438 76468 149828 188263 237340 69287 66096 62997 60005 57137 54412 51852 49484 47335 128081 166158 201794 252315 68247 65251 62367 59612 57006 54568 52322 76451 148496 180529 214054 265983 70497 67600 64821 62175 59680 57356 55225 119441 163608 193420 225210 278569 349368 67357 64815 62426 60208 78706 149573 177115 205154 238226 290244 67523 65233 63114 115743 163650 189378 215970 250579 301141 82373 152213 176390 200651 226096 165406 188071 211115
407729 7672 29800 17385 21124 24945 28814 5250 8693 12472 16357 20287 24240 4000 0 4000 8000 12000 16000 12472 8693 5250 3400 5250 8693 231278 200741 107023 28814 24945 21124 17385 13793 10500 7889 6800 123380 57939 41280 37417 33586 29800 26078 22451 18975 15749 12963 10956 90304 57628 53749 49889 46054 42249 38483 34770 31128 27586 24186 20999 18137 15778 66219 62362 58523 54708 50922 47170 43463 39812 36235 32757 29411 26249 23345 67173 63373 59600 55858 52155 48499 44902 41378 37949 34643 31499 28569 25926 68282 64548 60848 57188 53576 50024 46545 43156 39880 36748 33800 31088 69540 65877 62256 58684 55171 51729 48372 45120 41998 39036 36275 62641 70939 67353 63815 60335 56924 53594 50362 47248 44276 41477 38889 130166 184350 68964 65513 62129 58822 55606 52498 49518 46690 44045 92952 166114 205532 70702 67341 64053 60850 57747 54761 51911 49222 65561 148303 188053 223385 267177 72558 69287 66096 62997 60005 57137 54412 51852 116226 174004 206626 238940 285112 71342 68247 65251 62367 59612 57006 92012 162383 193026 222705 253821 301543 73497 70497 67600 64821 62175 72812 135402 181893 209642 236982 270091 316731 376106 70036 67357 64815 113761 172533 198766 224321 249897 285182 330868 69967 96403 151957 189782 213860 237549 261995 299288 344103 182140 205005 227406 249651 275970 218881 239760 260853
386930 6815 26078 13793 17385 21124 24945 3400 5250 8693 12472 16357 20287 8000 4000 0 4000 8000 12000 16357 12472 8693 5250 3400 5250 216166 180475 79584 32715 28814 24945 21124 17385 13793 10500 7889 65454 49072 45167 41280 37417 33586 29800 26078 22451 18975 15749 12963 65429 61522 57628 53749 49889 46054 42249 38483 34770 31128 27586 24186 20999 18137 70093 66219 62362 58523 54708 50922 47170 43463 39812 36235 32757 29411 26249 70994 67173 63373 59600 55858 52155 48499 44902 41378 37949 34643 31499 28569 72045 68282 64548 60848 57188 53576 50024 46545 43156 39880 36748 33800 73238 69540 65877 62256 58684 55171 51729 48372 45120 41998 39036 108096 74568 70939 67353 63815 60335 56924 53594 50362 47248 44276 89200 181998 225309 72471 68964 65513 62129 58822 55606 52498 49518 74439 158148 213269 248315 74127 70702 67341 64053 60850 57747 54761 62670 140334 203334 236931 267244 304967 75899 72558 69287 66096 62997 60005 57137 126234 194961 227688 256204 283557 324422 74523 71342 68247 65251 62367 114835 177773 219993 247379 272681 302088 342338 76588 73497 70497 67600 105496 164235 213483 240133 264093 287237 319325 358998 408479 72835 97785 153348 207924 234077 257132 278772 302331 335378 374602 144371 194925 228958 251387 271983 291980 317891 350455 389297 246587 266441 285285 304496 332507 279872 297426 318742
373531 8126 22451 10500 13793 17385 21124 5250 3400 5250 8693 12472 16357 12000 8000 4000 0 4000 8000 20287 16357 12472 8693 5250 3400 206112 163993 54341 36637 32715 28814 24945 21124 17385 13793 10500 56921 52991 49072 45167 41280 37417 33586 29800 26078 22451 18975 15749 69347 65429 61522 57628 53749 49889 46054 42249 38483 34770 31128 27586 24186 20999 73980 70093 66219 62362 58523 54708 50922 47170 43463 39812 36235 32757 29411 74834 70994 67173 63373 59600 55858 52155 48499 44902 41378 37949 34643 32611 75832 72045 68282 64548 60848 57188 53576 50024 46545 43156 39880 37860 76966 73238 69540 65877 62256 58684 55171 51729 48372 45120 43110 173951 78233 74568 70939 67353 63815 60335 56924 53594 50362 48360 166838 247956 283860 76026 72471 68964 65513 62129 58822 55606 53610 161771 241724 278603 305769 77606 74127 70702 67341 64053 60850 58859 158253 233054 274644 300621 323464 350918 79301 75899 72558 69287 66096 64109 155946 226457 271682 296823 318222 340026 368669 77779 74523 71342 69359 154670 221443 269520 294032 314431 333240 356246 385535 79761 76588 74609 154599 217676 268021 292027 311703 329342 347915 371741 401613 440114 155144 214916 265070 290658 309786 326578 342513 362288 386600 416981 260768 289819 308515 324672 339644 355805 376123 400887 431698 323439 337686 351461 368780 389480 349405 363694 381343
363053 10845 18975 7889 10500 13793 17385 8693 5250 3400 5250 8693 12472 16000 12000 8000 4000 0 4000 24240 20287 16357 12472 8693 5250 199314 147399 44522 40574 36637 32715 28814 24945 21124 17385 13793 60861 56921 52991 49072 45167 41280 37417 33586 29800 26078 22451 18975 73273 69347 65429 61522 57628 53749 49889 46054 42249 38483 34770 31128 27586 24186 77878 73980 70093 66219 62362 58523 54708 50922 47170 43463 39812 36235 32757 78690 74834 70994 67173 63373 59600 55858 52155 48499 44902 41378 37949 54641 79639 75832 72045 68282 64548 60848 57188 53576 50024 46545 43156 127642 80721 76966 73238 69540 65877 62256 58684 55171 51729 48372 179778 292323 81929 78233 74568 70939 67353 63815 60335 56924 53594 211427 297573 327596 339294 79624 76026 72471 68964 65513 62129 58822 233776 302823 331411 341545 352706 81134 77606 74127 70702 67341 64053 251082 308072 335487 344373 353978 365075 385779 82757 79301 75899 72558 89285 265330 313322 339759 347623 356004 365476 379918 403221 81103 77779 132713 277573 318572 343480 351190 358581 366791 376494 395790 419989 83005 167523 288428 323822 346607 355003 361574 368775 377002 391112 411110 436149 468195 329071 350036 359011 364890 371262 378439 388361 405260 425943 451748 363177 368463 374141 380462 387714 401542 418999 440331 466821 382940 389301 399384 414371 432372 398402 411446 426889
354802 26749 15749 6800 7889 10500 13793 12472 8693 5250 3400 5250 8693 20000 16000 12000 8000 4000 0 28206 24240 20287 16357 12472 8693 194741 126216 48479 44522 40574 36637 32715 28814 24945 21124 17385 64808 60861 56921 52991 49072 45167 41280 37417 33586 29800 26078 22451 77207 73273 69347 65429 61522 57628 53749 49889 46054 42249 38483 34770 31128 71965 81786 77878 73980 70093 66219 62362 58523 54708 50922 47170 43463 39812 36235 82560 78690 74834 70994 67173 63373 59600 55858 52155 48499 44902 85757 293076 83465 79639 75832 72045 68282 64548 60848 57188 53576 54749 145966 309783 84498 80721 76966 73238 69540 65877 62256 58684 99550 217307 323716 352687 85653 81929 78233 74568 70939 67353 76626 145314 312051 335823 361770 381484 388409 83259 79624 76026 72471 113343 196024 325297 346648 370138 386733 392630 399447 84704 81134 95736 150711 259724 337124 356533 377974 391983 397045 402823 409927 426278 86259 127136 190763 331025 347902 365702 385405 397233 401604 406548 412523 424420 442654 235470 342412 357878 374315 392520 402483 406272 410530 415611 424040 439286 458658 352939 367222 382485 399383 407732 411026 414709 419063 424716 437696 453858 474305 500557 406043 412982 415846 419041 422792 427360 437383 451111 468159 489599 420722 423496 426739 430660 438014 449842 464308 482194 504540 434237 439366 449673 462121 477297 450346 461179 474233
299026 15919 42249 29800 33586 37417 41280 17385 21124 24945 28814 32715 36637 8693 12472 16357 20287 24240 28206 0 4000 8000 12000 16000 20000 166535 123160 34054 16357 12472 8693 5250 3400 5250 8693 12472 36637 32715 28814 24945 21124 17385 13793 10500 7889 6800 7889 10500 49072 45167 41280 37417 33586 29800 26078 22451 18975 15749 12963 10956 10200 10956 53749 49889 46054 42249 38483 34770 31128 27586 24186 20999 18137 15778 14176 54708 50922 47170 43463 39812 36235 32757 29411 26249 23345 20809 18788 17464 55858 52155 48499 44902 41378 37949 34643 31499 28569 25926 23668 21913 57188 53576 50024 46545 43156 39880 36748 33800 31088 28678 26654 25109 58684 55171 51729 48372 45120 41998 39036 36275 33762 31557 29729 28352 115366 56924 53594 50362 47248 44276 41477 38889 36556 34531 32869 31628 124940 58822 55606 52498 49518 46690 44045 41617 39446 37577 36056 34928 133386 189854 60850 57747 54761 51911 49222 46720 44438 42412 40679 39278 51740 140992 193254 60005 57137 54412 51852 49484 47335 45438 43825 42528 111562 147955 196654 62367 59612 57006 54568 52322 50296 48514 47007 45800 120306 154412 200054 302588 59680 57356 55225 53308 51631 50217 49089 128353 160466 203454 60208 58181 56365 54781 53451 52393 135838 166192 206854 59459 57960 56704 55708 142858 61162 59974 108951
289661 12042 38483 26078 29800 33586 37417 13793 17385 21124 24945 28814 32715 5250 8693 12472 16357 20287 24240 4000 0 4000 8000 12000 16000 157770 62814 24240 20287 16357 12472 8693 5250 3400 5250 8693 40574 36637 32715 28814 24945 21124 17385 13793 10500 7889 6800 7889 52991 49072 45167 41280 37417 33586 29800 26078 22451 18975 15749 12963 10956 10200 57628 53749 49889 46054 42249 38483 34770 31128 27586 24186 20999 18137 15778 58523 54708 50922 47170 43463 39812 36235 32757 29411 26249 23345 20809 18788 59600 55858 52155 48499 44902 41378 37949 34643 31499 28569 25926 23668 60848 57188 53576 50024 46545 43156 39880 36748 33800 31088 28678 26654 62256 58684 55171 51729 48372 45120 41998 39036 36275 33762 31557 35531 134867 60335 56924 53594 50362 47248 44276 41477 38889 36556 34531 99837 149148 62129 58822 55606 52498 49518 46690 44045 41617 39446 37577 123282 161488 212225 64053 60850 57747 54761 51911 49222 46720 44438 42412 60535 136965 172398 222877 62997 60005 57137 54412 51852 49484 47335 45438 110793 149043 182217 232546 65251 62367 59612 57006 54568 52322 50296 48514 131298 159903 191178 241422 323505 62175 59680 57356 55225 53308 80255 142910 169810 199449 249648 62426 60208 58181 56365 121749 153480 178952 207155 257334 61183 65261 140418 163219 187466 97214 150637 172279
282912 8282 34770 22451 26078 29800 33586 10500 13793 17385 21124 24945 28814 3400 5250 8693 12472 16357 20287 8000 4000 0 4000 8000 12000 152673 32180 28206 24240 20287 16357 12472 8693 5250 3400 5250 44522 40574 36637 32715 28814 24945 21124 17385 13793 10500 7889 6800 56921 52991 49072 45167 41280 37417 33586 29800 26078 22451 18975 15749 12963 10956 61522 57628 53749 49889 46054 42249 38483 34770 31128 27586 24186 20999 18137 62362 58523 54708 50922 47170 43463 39812 36235 32757 29411 26249 23345 20809 63373 59600 55858 52155 48499 44902 41378 37949 34643 31499 28569 25926 64548 60848 57188 53576 50024 46545 43156 39880 36748 33800 31088 40347 65877 62256 58684 55171 51729 48372 45120 41998 39036 36275 33762 102234 161319 63815 60335 56924 53594 50362 47248 44276 41477 38889 60416 141661 179110 65513 62129 58822 55606 52498 49518 46690 44045 41617 110123 160415 194371 239290 67341 64053 60850 57747 54761 51911 49222 46720 76268 145917 176248 207756 254424 66096 62997 60005 57137 54412 51852 52222 118012 162421 190066 219712 268185 68247 65251 62367 59612 57006 54568 89784 151275 176739 202500 231650 280816 347841 64821 62175 59680 69026 125902 166086 189478 213823 244643 292503 64815 62426 101867 157297 179203 201023 224227 256754 303389 133791 170791 191049 211698 233888 182933 201908 221648
278069 4917 31128 18975 22451 26078 29800 7889 10500 13793 17385 21124 24945 5250 3400 5250 8693 12472 16357 12000 8000 4000 0 4000 8000 97983 36160 32180 28206 24240 20287 16357 12472 8693 5250 3400 48479 44522 40574 36637 32715 28814 24945 21124 17385 13793 10500 7889 60861 56921 52991 49072 45167 41280 37417 33586 29800 26078 22451 18975 15749 12963 65429 61522 57628 53749 49889 46054 42249 38483 34770 31128 27586 24186 20999 66219 62362 58523 54708 50922 47170 43463 39812 36235 32757 29411 26249 23345 67173 63373 59600 55858 52155 48499 44902 41378 37949 34643 31499 28569 68282 64548 60848 57188 53576 50024 46545 43156 39880 36748 33800 89678 69540 65877 62256 58684 55171 51729 48372 45120 41998 39036 69277 156896 199177 67353 63815 60335 56924 53594 50362 47248 44276 53914 131328 186402 219259 68964 65513 62129 58822 55606 52498 49518 46690 112757 176269 207066 235960 273960 70702 67341 64053 60850 57747 54761 51911 98576 161300 197597 224049 250461 291514 69287 66096 62997 60005 57137 87414 144291 189965 214955 238681 265541 307614 71342 68247 65251 62367 78465 131166 183715 207750 229790 251684 281057 322511 377230 67600 71216 120765 169443 201901 222844 242897 263486 295493 336391 112380 157254 197077 217288 236102 254748 276497 309027 349396 212775 230734 248037 265645 289639 242784 258976 275787
274660 3429 27586 15749 18975 22451 26078 6800 7889 10500 13793 17385 21124 8693 5250 3400 5250 8693 12472 16000 12000 8000 4000 0 4000 69467 40144 36160 32180 28206 24240 20287 16357 12472 8693 5250 52443 48479 44522 40574 36637 32715 28814 24945 21124 17385 13793 10500 64808 60861 56921 52991 49072 45167 41280 37417 33586 29800 26078 22451 18975 15749 69347 65429 61522 57628 53749 49889 46054 42249 38483 34770 31128 27586 24186 70093 66219 62362 58523 54708 50922 47170 43463 39812 36235 32757 29411 27361 70994 67173 63373 59600 55858 52155 48499 44902 41378 37949 34643 32611 72045 68282 64548 60848 57188 53576 50024 46545 43156 39880 37860 157128 73238 69540 65877 62256 58684 55171 51729 48372 45120 43110 149735 224048 255018 70939 67353 63815 60335 56924 53594 50362 48360 144681 216143 249906 273942 72471 68964 65513 62129 58822 55606 53610 141335 207446 246318 268769 289564 319157 74127 70702 67341 64053 60850 58859 139819 201106 243830 265244 284131 303989 337124 72558 69287 66096 64109 139271 196490 242185 262869 280499 297453 320648 353862 74523 71342 69359 139493 193191 239600 261351 278109 293612 309466 336211 369574 413373 140335 190928 234536 260499 276624 291110 305342 324115 350888 384400 230792 260186 275832 289578 302669 316108 337945 364818 398447 288780 301031 313232 328762 351104 311452 323064 341282
272358 5599 24186 12963 15749 18975 22451 7889 6800 7889 10500 13793 17385 12472 8693 5250 3400 5250 8693 20000 16000 12000 8000 4000 0 57609 44131 40144 36160 32180 28206 24240 20287 16357 12472 8693 56411 52443 48479 44522 40574 36637 32715 28814 24945 21124 17385 13793 68761 64808 60861 56921 52991 49072 45167 41280 37417 33586 29800 26078 22451 18975 73273 69347 65429 61522 57628 53749 49889 46054 42249 38483 34770 31128 27586 73980 70093 66219 62362 58523 54708 50922 47170 43463 39812 36235 32757 65356 74834 70994 67173 63373 59600 55858 52155 48499 44902 41378 37949 189541 75832 72045 68282 64548 60848 57188 53576 50024 46545 43156 232636 287073 76966 73238 69540 65877 62256 58684 55171 51729 48372 254740 292323 316600 323737 74568 70939 67353 63815 60335 56924 53594 269851 297573 320839 326568 334308 76026 72471 68964 65513 62129 94767 281706 302823 325289 329965 336111 344597 363734 77606 74127 70702 67341 171285 290471 308072 329832 333746 338719 345422 357220 379948 75899 72558 224184 297329 313322 332809 337802 341874 347271 354563 371624 395626 77779 252978 303953 318572 336170 342061 345420 349823 355689 366774 385666 410772 444700 323822 339823 346474 349255 352877 357658 364221 379513 399345 425392 351007 353310 356303 360234 365406 375907 391993 412659 439503 363261 367519 374082 387402 404214 374743 384759 398706
84845 43552 393212 364451 335974 315762 300987 329301 299405 279297 264724 251565 242120 253344 231278 216166 206112 199314 194741 166535 157770 152673 97983 69467 57609 0 4000 8000 12000 16000 20000 24000 28000 32000 36000 40000 8693 5250 3400 5250 8693 12472 16357 20287 24240 28206 32180 36160 21124 17385 13793 10500 7889 6800 7889 10500 13793 17385 21124 24945 28814 32715 26078 22451 18975 15749 12963 10956 10200 10956 12963 15749 18975 22451 26078 27586 24186 20999 18137 15778 14176 13600 14176 15778 18137 20999 24186 27586 29411 26249 23345 20809 18788 17464 17000 17464 18788 20809 23345 26249 31499 28569 25926 23668 21913 20788 20400 20788 21913 23668 25926 28569 33800 31088 28678 26654 25109 24134 23800 24134 25109 26654 28678 31088 33800 33762 31557 29729 28352 27493 27200 27493 28352 29729 31557 33762 36275 36556 34531 32869 31628 30860 30600 30860 31628 32869 34531 36556 38889 41477 39446 37577 36056 34928 34234 34000 34234 34928 36056 37577 39446 41617 44045 40679 39278 38246 37613 37400 37613 38246 39278 40679 42412 44438 46720 43825 42528 41577 40996 40800 40996 41577 42528 43825 45438 47335 49484 51852 44918 44381 44200 44381 44918 45800 47007 48514 50296 52322 47768 47600 47768 48268 49089 50217 51631 53308 55225 51157 51624 52393 53451 54781 54985 55708 56704
88845 39552 346747 325801 296141 276419 261920 300687 267120 245563 226915 212247 200762 229206 200741 180475 163993 147399 126216 123160 62814 32180 36160 40144 44131 4000 0 4000 8000 12000 16000 20000 24000 28000 32000 36000 12472 8693 5250 3400 5250 8693 12472 16357 20287 24240 28206 32180 24945 21124 17385 13793 10500 7889 6800 7889 10500 13793 17385 21124 24945 28814 29800 26078 22451 18975 15749 12963 10956 10200 10956 12963 15749 18975 22451 31128 27586 24186 20999 18137 15778 14176 13600 14176 15778 18137 20999 24186 32757 29411 26249 23345 20809 18788 17464 17000 17464 18788 20809 23345 34643 31499 28569 25926 23668 21913 20788 20400 20788 21913 23668 25926 36748 33800 31088 28678 26654 25109 24134 23800 24134 25109 26654 28678 31088 36275 33762 31557 29729 28352 27493 27200 27493 28352 29729 31557 33762 38889 36556 34531 32869 31628 30860 30600 30860 31628 32869 34531 36556 38889 41617 39446 37577 36056 34928 34234 34000 34234 34928 36056 37577 39446 41617 42412 40679 39278 38246 37613 37400 37613 38246 39278 40679 42412 44438 45438 43825 42528 41577 40996 40800 40996 41577 42528 43825 45438 47335 49484 45800 44918 44381 44200 44381 44918 45800 47007 48514 50296 48268 47768 47600 47768 48268 49089 50217 51631 53308 51000 51157 51624 52393 53451 54547 54985 55708
92845 35552 250034 237562 204363 175440 154993 225090 180409 146009 123380 105819 90203 146626 107023 79584 54341 44522 48479 34054 24240 28206 32180 36160 40144 8000 4000 0 4000 8000 12000 16000 20000 24000 28000 32000 16357 12472 8693 5250 3400 5250 8693 12472 16357 20287 24240 28206 28814 24945 21124 17385 13793 10500 7889 6800 7889 10500 13793 17385 21124 24945 33586 29800 26078 22451 18975 15749 12963 10956 10200 10956 12963 15749 18975 34770 31128 27586 24186 20999 18137 15778 14176 13600 14176 15778 18137 20999 36235 32757 29411 26249 23345 20809 18788 17464 17000 17464 18788 20809 37949 34643 31499 28569 25926 23668 21913 20788 20400 20788 21913 23668 39880 36748 33800 31088 28678 26654 25109 24134 23800 24134 25109 26654 28678 39036 36275 33762 31557 29729 28352 27493 27200 27493 28352 29729 31557 41477 38889 36556 34531 32869 31628 30860 30600 30860 31628 32869 34531 36556 44045 41617 39446 37577 36056 34928 34234 34000 34234 34928 36056 37577 39446 44438 42412 40679 39278 38246 37613 37400 37613 38246 39278 40679 42412 47335 45438 43825 42528 41577 40996 40800 40996 41577 42528 43825 45438 47335 47007 45800 44918 44381 44200 44381 44918 45800 47007 48514 49089 48268 47768 47600 47768 48268 49089 50217 51631 51157 51000 51157 51624 52393 54400 54547 54985
96845 31552 105291 103826 67207 53749 57628 116287 54734 41280 45167 49072 52991 42262 28814 32715 36637 40574 44522 16357 20287 24240 28206 32180 36160 12000 8000 4000 0 4000 8000 12000 16000 20000 24000 28000 20287 16357 12472 8693 5250 3400 5250 8693 12472 16357 20287 24240 32715 28814 24945 21124 17385 13793 10500 7889 6800 7889 10500 13793 17385 21124 37417 33586 29800 26078 22451 18975 15749 12963 10956 10200 10956 12963 15749 38483 34770 31128 27586 24186 20999 18137 15778 14176 13600 14176 15778 18137 39812 36235 32757 29411 26249 23345 20809 18788 17464 17000 17464 18788 41378 37949 34643 31499 28569 25926 23668 21913 20788 20400 20788 21913 43156 39880 36748 33800 31088 28678 26654 25109 24134 23800 24134 25109 26654 41998 39036 36275 33762 31557 29729 28352 27493 27200 27493 28352 29729 44276 41477 38889 36556 34531 32869 31628 30860 30600 30860 31628 32869 34531 46690 44045 41617 39446 37577 36056 34928 34234 34000 34234 34928 36056 37577 46720 44438 42412 40679 39278 38246 37613 37400 37613 38246 39278 40679 49484 47335 45438 43825 42528 41577 40996 40800 40996 41577 42528 43825 45438 48514 47007 45800 44918 44381 44200 44381 44918 45800 47007 50217 49089 48268 47768 47600 47768 48268 49089 50217 51624 51157 51000 51157 51624 54547 54400 54547
