0 105330 571513 510273 393843 335119 300640 278625 263862 211751 190503 178294 171006 166694 164319 163273 163181 55953 59953 63953 67953 71953 75953 79953 83953 87953 91953 95953 99953 10790 17062
105330 0 19826 23623 27478 31369 35285 39217 43162 9974 6362 3668 4294 7445 11154 15013 18931 49377 45377 41377 37377 33377 29377 25377 21377 17377 13377 9377 5377 57477 53485
571513 19826 0 4000 8000 12000 16000 20000 24000 28206 24240 20287 16357 12472 8693 5250 3400 68339 64360 60384 56411 52443 48479 44522 40574 36637 32715 28814 24945 76681 72719
510273 23623 4000 0 4000 8000 12000 16000 20000 32180 28206 24240 20287 16357 12472 8693 5250 72320 68339 64360 60384 56411 52443 48479 44522 40574 36637 32715 28814 80648 76681
393843 27478 8000 4000 0 4000 8000 12000 16000 36160 32180 28206 24240 20287 16357 12472 8693 76304 72320 68339 64360 60384 56411 52443 48479 44522 40574 36637 32715 84617 80648
335119 31369 12000 8000 4000 0 4000 8000 12000 40144 36160 32180 28206 24240 20287 16357 12472 80288 76304 72320 68339 64360 60384 56411 52443 48479 44522 40574 36637 88589 84617
300640 35285 16000 12000 8000 4000 0 4000 8000 44131 40144 36160 32180 28206 24240 20287 16357 84275 80288 76304 72320 68339 64360 60384 56411 52443 48479 44522 40574 92564 88589
278625 39217 20000 16000 12000 8000 4000 0 4000 48120 44131 40144 36160 32180 28206 24240 20287 88262 84275 80288 76304 72320 68339 64360 60384 56411 52443 48479 44522 96540 92564
263862 43162 24000 20000 16000 12000 8000 4000 0 52111 48120 44131 40144 36160 32180 28206 24240 92251 88262 84275 80288 76304 72320 68339 64360 60384 56411 52443 48479 100519 96540
211751 9974 28206 32180 36160 40144 44131 48120 52111 0 4000 8000 12000 16000 20000 24000 28000 40144 36160 32180 28206 24240 20287 16357 12472 8693 5250 3400 5250 48479 44522
190503 6362 24240 28206 32180 36160 40144 44131 48120 4000 0 4000 8000 12000 16000 20000 24000 44131 40144 36160 32180 28206 24240 20287 16357 12472 8693 5250 3400 52443 48479
178294 3668 20287 24240 28206 32180 36160 40144 44131 8000 4000 0 4000 8000 12000 16000 20000 48120 44131 40144 36160 32180 28206 24240 20287 16357 12472 8693 5250 56411 52443
171006 4294 16357 20287 24240 28206 32180 36160 40144 12000 8000 4000 0 4000 8000 12000 16000 52111 48120 44131 40144 36160 32180 28206 24240 20287 16357 12472 8693 60384 56411
166694 7445 12472 16357 20287 24240 28206 32180 36160 16000 12000 8000 4000 0 4000 8000 12000 56103 52111 48120 44131 40144 36160 32180 28206 24240 20287 16357 12472 64360 60384
164319 11154 8693 12472 16357 20287 24240 28206 32180 20000 16000 12000 8000 4000 0 4000 8000 60096 56103 52111 48120 44131 40144 36160 32180 28206 24240 20287 16357 68339 64360
163273 15013 5250 8693 12472 16357 20287 24240 28206 24000 20000 16000 12000 8000 4000 0 4000 64090 60096 56103 52111 48120 44131 40144 36160 32180 28206 24240 20287 72320 68339
163181 18931 3400 5250 8693 12472 16357 20287 24240 28000 24000 20000 16000 12000 8000 4000 0 68085 64090 60096 56103 52111 48120 44131 40144 36160 32180 28206 24240 76304 72320
55953 49377 68339 72320 76304 80288 84275 88262 92251 40144 44131 48120 52111 56103 60096 64090 68085 0 4000 8000 12000 16000 20000 24000 28000 32000 36000 40000 44000 8693 5250
59953 45377 64360 68339 72320 76304 80288 84275 88262 36160 40144 44131 48120 52111 56103 60096 64090 4000 0 4000 8000 12000 16000 20000 24000 28000 32000 36000 40000 12472 8693
63953 41377 60384 64360 68339 72320 76304 80288 84275 32180 36160 40144 44131 48120 52111 56103 60096 8000 4000 0 4000 8000 12000 16000 20000 24000 28000 32000 36000 16357 12472
67953 37377 56411 60384 64360 68339 72320 76304 80288 28206 32180 36160 40144 44131 48120 52111 56103 12000 8000 4000 0 4000 8000 12000 16000 20000 24000 28000 32000 20287 16357
71953 33377 52443 56411 60384 64360 68339 72320 76304 24240 28206 32180 36160 40144 44131 48120 52111 16000 12000 8000 4000 0 4000 8000 12000 16000 20000 24000 28000 24240 20287
75953 29377 48479 52443 56411 60384 64360 68339 72320 20287 24240 28206 32180 36160 40144 44131 48120 20000 16000 12000 8000 4000 0 4000 8000 12000 16000 20000 24000 28206 24240
79953 25377 44522 48479 52443 56411 60384 64360 68339 16357 20287 24240 28206 32180 36160 40144 44131 24000 20000 16000 12000 8000 4000 0 4000 8000 12000 16000 20000 32180 28206
83953 21377 40574 44522 48479 52443 56411 60384 64360 12472 16357 20287 24240 28206 32180 36160 40144 28000 24000 20000 16000 12000 8000 4000 0 4000 8000 12000 16000 36160 32180
87953 17377 36637 40574 44522 48479 52443 56411 60384 8693 12472 16357 20287 24240 28206 32180 36160 32000 28000 24000 20000 16000 12000 8000 4000 0 4000 8000 12000 40144 36160
91953 13377 32715 36637 40574 44522 48479 52443 56411 5250 8693 12472 16357 20287 24240 28206 32180 36000 32000 28000 24000 20000 16000 12000 8000 4000 0 4000 8000 44131 40144
95953 9377 28814 32715 36637 40574 44522 48479 52443 3400 5250 8693 12472 16357 20287 24240 28206 40000 36000 32000 28000 24000 20000 16000 12000 8000 4000 0 4000 48120 44131
99953 5377 24945 28814 32715 36637 40574 44522 48479 5250 3400 5250 8693 12472 16357 20287 24240 44000 40000 36000 32000 28000 24000 20000 16000 12000 8000 4000 0 52111 48120
10790 57477 76681 80648 84617 88589 92564 96540 100519 48479 52443 56411 60384 64360 68339 72320 76304 8693 12472 16357 20287 24240 28206 32180 36160 40144 44131 48120 52111 0 4000
17062 53485 72719 76681 80648 84617 88589 92564 96540 44522 48479 52443 56411 60384 64360 68339 72320 5250 8693 12472 16357 20287 24240 28206 32180 36160 40144 44131 48120 4000 0
