NAME: block_50
TYPE: TSP
COMMENT: Water block sampling points with virtual node for Path TSP
DIMENSION: 42
EDGE_WEIGHT_TYPE: EXPLICIT
EDGE_WEIGHT_FORMAT: FULL_MATRIX
EDGE_WEIGHT_SECTION
0 0 23800 24134 25109 26654 20400 20788 21913 23668 25926 17000 17464 18788 20809 23345 13600 14176 15778 18137 20999 10200 10956 12963 15749 18975 6800 7889 10500 13793 17385 3400 5250 8693 12472 16357 4000 8000 12000 16000 12472 0
0 0 23800 24134 25109 26654 20400 20788 21913 23668 25926 17000 17464 18788 20809 23345 13600 14176 15778 18137 20999 10200 10956 12963 15749 18975 6800 7889 10500 13793 17385 3400 5250 8693 12472 16357 4000 8000 12000 16000 12472 0
23800 23800 0 4000 8000 12000 3400 5250 8693 12472 16357 6800 7889 10500 13793 17385 10200 10956 12963 15749 18975 13600 14176 15778 18137 20999 17000 17464 18788 20809 23345 20400 20788 21913 23668 25926 24134 25109 26654 28678 29729 12345000
24134 24134 4000 0 4000 8000 5250 3400 5250 8693 12472 7889 6800 7889 10500 13793 10956 10200 10956 12963 15749 14176 13600 14176 15778 18137 17464 17000 17464 18788 20809 20788 20400 20788 21913 23668 23800 24134 25109 26654 28352 12345000
25109 25109 8000 4000 0 4000 8693 5250 3400 5250 8693 10500 7889 6800 7889 10500 12963 10956 10200 10956 12963 15778 14176 13600 14176 15778 18788 17464 17000 17464 18788 21913 20788 20400 20788 21913 24134 23800 24134 25109 27493 12345000
26654 26654 12000 8000 4000 0 12472 8693 5250 3400 5250 13793 10500 7889 6800 7889 15749 12963 10956 10200 10956 18137 15778 14176 13600 14176 20809 18788 17464 17000 17464 23668 21913 20788 20400 20788 25109 24134 23800 24134 27200 12345000
20400 20400 3400 5250 8693 12472 0 4000 8000 12000 16000 3400 5250 8693 12472 16357 6800 7889 10500 13793 17385 10200 10956 12963 15749 18975 13600 14176 15778 18137 20999 17000 17464 18788 20809 23345 20788 21913 23668 25926 26654 12345000
20788 20788 5250 3400 5250 8693 4000 0 4000 8000 12000 5250 3400 5250 8693 12472 7889 6800 7889 10500 13793 10956 10200 10956 12963 15749 14176 13600 14176 15778 18137 17464 17000 17464 18788 20809 20400 20788 21913 23668 25109 12345000
21913 21913 8693 5250 3400 5250 8000 4000 0 4000 8000 8693 5250 3400 5250 8693 10500 7889 6800 7889 10500 12963 10956 10200 10956 12963 15778 14176 13600 14176 15778 18788 17464 17000 17464 18788 20788 20400 20788 21913 24134 12345000
23668 23668 12472 8693 5250 3400 12000 8000 4000 0 4000 12472 8693 5250 3400 5250 13793 10500 7889 6800 7889 15749 12963 10956 10200 10956 18137 15778 14176 13600 14176 20809 18788 17464 17000 17464 21913 20788 20400 20788 23800 12345000
25926 25926 16357 12472 8693 5250 16000 12000 8000 4000 0 16357 12472 8693 5250 3400 17385 13793 10500 7889 6800 18975 15749 12963 10956 10200 20999 18137 15778 14176 13600 23345 20809 18788 17464 17000 23668 21913 20788 20400 24134 12345000
17000 17000 6800 7889 10500 13793 3400 5250 8693 12472 16357 0 4000 8000 12000 16000 3400 5250 8693 12472 16357 6800 7889 10500 13793 17385 10200 10956 12963 15749 18975 13600 14176 15778 18137 20999 17464 18788 20809 23345 23668 12345000
17464 17464 7889 6800 7889 10500 5250 3400 5250 8693 12472 4000 0 4000 8000 12000 5250 3400 5250 8693 12472 7889 6800 7889 10500 13793 10956 10200 10956 12963 15749 14176 13600 14176 15778 18137 17000 17464 18788 20809 21913 12345000
18788 18788 10500 7889 6800 7889 8693 5250 3400 5250 8693 8000 4000 0 4000 8000 8693 5250 3400 5250 8693 10500 7889 6800 7889 10500 12963 10956 10200 10956 12963 15778 14176 13600 14176 15778 17464 17000 17464 18788 20788 12345000
20809 20809 13793 10500 7889 6800 12472 8693 5250 3400 5250 12000 8000 4000 0 4000 12472 8693 5250 3400 5250 13793 10500 7889 6800 7889 15749 12963 10956 10200 10956 18137 15778 14176 13600 14176 18788 17464 17000 17464 20400 12345000
23345 23345 17385 13793 10500 7889 16357 12472 8693 5250 3400 16000 12000 8000 4000 0 16357 12472 8693 5250 3400 17385 13793 10500 7889 6800 18975 15749 12963 10956 10200 20999 18137 15778 14176 13600 20809 18788 17464 17000 20788 12345000
13600 13600 10200 10956 12963 15749 6800 7889 10500 13793 17385 3400 5250 8693 12472 16357 0 4000 8000 12000 16000 3400 5250 8693 12472 16357 6800 7889 10500 13793 17385 10200 10956 12963 15749 18975 14176 15778 18137 20999 20809 12345000
14176 14176 10956 10200 10956 12963 7889 6800 7889 10500 13793 5250 3400 5250 8693 12472 4000 0 4000 8000 12000 5250 3400 5250 8693 12472 7889 6800 7889 10500 13793 10956 10200 10956 12963 15749 13600 14176 15778 18137 18788 12345000
15778 15778 12963 10956 10200 10956 10500 7889 6800 7889 10500 8693 5250 3400 5250 8693 8000 4000 0 4000 8000 8693 5250 3400 5250 8693 10500 7889 6800 7889 10500 12963 10956 10200 10956 12963 14176 13600 14176 15778 17464 12345000
18137 18137 15749 12963 10956 10200 13793 10500 7889 6800 7889 12472 8693 5250 3400 5250 12000 8000 4000 0 4000 12472 8693 5250 3400 5250 13793 10500 7889 6800 7889 15749 12963 10956 10200 10956 15778 14176 13600 14176 17000 12345000
20999 20999 18975 15749 12963 10956 17385 13793 10500 7889 6800 16357 12472 8693 5250 3400 16000 12000 8000 4000 0 16357 12472 8693 5250 3400 17385 13793 10500 7889 6800 18975 15749 12963 10956 10200 18137 15778 14176 13600 17464 12345000
10200 10200 13600 14176 15778 18137 10200 10956 12963 15749 18975 6800 7889 10500 13793 17385 3400 5250 8693 12472 16357 0 4000 8000 12000 16000 3400 5250 8693 12472 16357 6800 7889 10500 13793 17385 10956 12963 15749 18975 18137 12345000
10956 10956 14176 13600 14176 15778 10956 10200 10956 12963 15749 7889 6800 7889 10500 13793 5250 3400 5250 8693 12472 4000 0 4000 8000 12000 5250 3400 5250 8693 12472 7889 6800 7889 10500 13793 10200 10956 12963 15749 15778 12345000
12963 12963 15778 14176 13600 14176 12963 10956 10200 10956 12963 10500 7889 6800 7889 10500 8693 5250 3400 5250 8693 8000 4000 0 4000 8000 8693 5250 3400 5250 8693 10500 7889 6800 7889 10500 10956 10200 10956 12963 14176 12345000
15749 15749 18137 15778 14176 13600 15749 12963 10956 10200 10956 13793 10500 7889 6800 7889 12472 8693 5250 3400 5250 12000 8000 4000 0 4000 12472 8693 5250 3400 5250 13793 10500 7889 6800 7889 12963 10956 10200 10956 13600 12345000
18975 18975 20999 18137 15778 14176 18975 15749 12963 10956 10200 17385 13793 10500 7889 6800 16357 12472 8693 5250 3400 16000 12000 8000 4000 0 16357 12472 8693 5250 3400 17385 13793 10500 7889 6800 15749 12963 10956 10200 14176 12345000
6800 6800 17000 17464 18788 20809 13600 14176 15778 18137 20999 10200 10956 12963 15749 18975 6800 7889 10500 13793 17385 3400 5250 8693 12472 16357 0 4000 8000 12000 16000 3400 5250 8693 12472 16357 7889 10500 13793 17385 15749 12345000
7889 7889 17464 17000 17464 18788 14176 13600 14176 15778 18137 10956 10200 10956 12963 15749 7889 6800 7889 10500 13793 5250 3400 5250 8693 12472 4000 0 4000 8000 12000 5250 3400 5250 8693 12472 6800 7889 10500 13793 12963 12345000
10500 10500 18788 17464 17000 17464 15778 14176 13600 14176 15778 12963 10956 10200 10956 12963 10500 7889 6800 7889 10500 8693 5250 3400 5250 8693 8000 4000 0 4000 8000 8693 5250 3400 5250 8693 7889 6800 7889 10500 10956 12345000
13793 13793 20809 18788 17464 17000 18137 15778 14176 13600 14176 15749 12963 10956 10200 10956 13793 10500 7889 6800 7889 12472 8693 5250 3400 5250 12000 8000 4000 0 4000 12472 8693 5250 3400 5250 10500 7889 6800 7889 10200 12345000
17385 17385 23345 20809 18788 17464 20999 18137 15778 14176 13600 18975 15749 12963 10956 10200 17385 13793 10500 7889 6800 16357 12472 8693 5250 3400 16000 12000 8000 4000 0 16357 12472 8693 5250 3400 13793 10500 7889 6800 10956 12345000
3400 3400 20400 20788 21913 23668 17000 17464 18788 20809 23345 13600 14176 15778 18137 20999 10200 10956 12963 15749 18975 6800 7889 10500 13793 17385 3400 5250 8693 12472 16357 0 4000 8000 12000 16000 5250 8693 12472 16357 13793 12345000
5250 5250 20788 20400 20788 21913 17464 17000 17464 18788 20809 14176 13600 14176 15778 18137 10956 10200 10956 12963 15749 7889 6800 7889 10500 13793 5250 3400 5250 8693 12472 4000 0 4000 8000 12000 3400 5250 8693 12472 10500 12345000
8693 8693 21913 20788 20400 20788 18788 17464 17000 17464 18788 15778 14176 13600 14176 15778 12963 10956 10200 10956 12963 10500 7889 6800 7889 10500 8693 5250 3400 5250 8693 8000 4000 0 4000 8000 5250 3400 5250 8693 7889 12345000
12472 12472 23668 21913 20788 20400 20809 18788 17464 17000 17464 18137 15778 14176 13600 14176 15749 12963 10956 10200 10956 13793 10500 7889 6800 7889 12472 8693 5250 3400 5250 12000 8000 4000 0 4000 8693 5250 3400 5250 6800 12345000
16357 16357 25926 23668 21913 20788 23345 20809 18788 17464 17000 20999 18137 15778 14176 13600 18975 15749 12963 10956 10200 17385 13793 10500 7889 6800 16357 12472 8693 5250 3400 16000 12000 8000 4000 0 12472 8693 5250 3400 7889 12345000
4000 4000 24134 23800 24134 25109 20788 20400 20788 21913 23668 17464 17000 17464 18788 20809 14176 13600 14176 15778 18137 10956 10200 10956 12963 15749 7889 6800 7889 10500 13793 5250 3400 5250 8693 12472 0 4000 8000 12000 8693 12345000
8000 8000 25109 24134 23800 24134 21913 20788 20400 20788 21913 18788 17464 17000 17464 18788 15778 14176 13600 14176 15778 12963 10956 10200 10956 12963 10500 7889 6800 7889 10500 8693 5250 3400 5250 8693 4000 0 4000 8000 5250 12345000
12000 12000 26654 25109 24134 23800 23668 21913 20788 20400 20788 20809 18788 17464 17000 17464 18137 15778 14176 13600 14176 15749 12963 10956 10200 10956 13793 10500 7889 6800 7889 12472 8693 5250 3400 5250 8000 4000 0 4000 3400 12345000
16000 16000 28678 26654 25109 24134 25926 23668 21913 20788 20400 23345 20809 18788 17464 17000 20999 18137 15778 14176 13600 18975 15749 12963 10956 10200 17385 13793 10500 7889 6800 16357 12472 8693 5250 3400 12000 8000 4000 0 5250 12345000
12472 12472 29729 28352 27493 27200 26654 25109 24134 23800 24134 23668 21913 20788 20400 20788 20809 18788 17464 17000 17464 18137 15778 14176 13600 14176 15749 12963 10956 10200 10956 13793 10500 7889 6800 7889 8693 5250 3400 5250 0 12345000
0 0 12345000 12345000 12345000 12345000 12345000 12345000 12345000 12345000 12345000 12345000 12345000 12345000 12345000 12345000 12345000 12345000 12345000 12345000 12345000 12345000 12345000 12345000 12345000 12345000 12345000 12345000 12345000 12345000 12345000 12345000 12345000 12345000 12345000 12345000 12345000 12345000 12345000 12345000 12345000 0
EOF
