0 336204 37613 77507 34234 30860 27493 23800 24134 31499 28569 20400 20788 29411 26249 23345 20809 18788 17464 17000 17464 18788 20809 24186 20999 18137 15778 14176 13600 14176 15778 18137 18975 15749 12963 10956 10200 10956 12963 15749 18975 10500 7889 6800 7889 10500 13793 17385 5250 3400 5250 8693 12472 16357 20287 4000 8000 12000 16000 20000 24000 8693 12472 16357 20287 24240 28206 262978 272198 280750 22828 17385 21124 24945 28814 32715 36637 177047 192576 206475 43222 22451 26078 29800 33586 37417 41280 45167 49072 52991 144016 36621 31128 34770 38483 42249 46054 49889 209165 159431 46942 36235 39812 43463 47170 50922 247036 214415 172903 62197 50413 44902 48499 52155 284183 245755 219664 184935 95718 58680 50024 53576 304127 283488 246491 224914 195873 168202 68460 64206 58684 324588 300554 277903 248436 230164 205962 178804 81172 71587 63815 365205 342084 317840 299573 275415 251162 235414 215378 188842 100872 79699 77999 379943 355296 335437 314588 300200 274863 254422 240663 224252 198400 145684 88951 84887 408912 389573 368243 349974 329912 313517 301625 275605 258062 245913 232683 207546 192388 100146 92206 442693 417920 398440 380871 361493 345443 327125 313891 299211 277251 261984 251163 240748 216335 201264 115092 100128 450294 426322 406972 392565 372846 357863 340948 326165 315271 298409 279555 248505 224815 209876 138874 487911 457476 434077 415183 338649 493498 464297 441483 423088 550970 498857 470805 448578 477040
336204 0 620148 596373 602769 586537 565591 524775 544767 441258 442541 455146 459817 424339 424343 424874 426043 427993 430912 435054 438380 442171 447679 407861 407143 406867 407127 408049 409795 412592 416749 422714 391171 389687 388548 387831 387635 388096 389397 391797 395673 372012 369959 368200 366804 365869 365527 365968 354166 351157 348299 345630 343201 341083 339378 332204 328204 324204 320204 316204 312204 302560 296426 289943 283016 275515 267250 8470 5068 3409 271612 263498 254709 245059 230165 201959 167768 13582 10316 7769 227421 205762 180944 150634 108224 25855 22235 18771 15565 12815 142877 104153 34793 30910 27375 23986 20815 17978 44696 39593 36021 32550 29213 26065 23180 20670 44686 41168 37745 34448 31314 28399 25777 88522 46337 42954 39686 36564 33628 30932 28544 121948 48172 44927 41814 38863 36115 33619 93602 142150 184517 50170 47063 44101 41314 38740 46720 123992 158856 198287 235320 55414 52313 49342 46525 43892 41478 99833 141337 173292 209585 241017 266650 57563 54584 51743 49064 46575 61748 128134 156156 186115 219906 246345 269887 300663 62813 59828 56968 54252 51703 49347 106628 143441 169244 197722 229422 251384 273152 301015 336725 68062 65073 62196 59450 56853 54426 74750 133412 156836 181066 208372 238267 256197 276438 301891 333913 375633 70318 67428 64657 62020 59535 57222 113740 147188 168863 191913 217746 279740 303165 332176 368137 75564 72663 69870 67199 159468 77899 75088 72389 69815 83137 80310 77587 74978 80152
37613 620148 0 5250 3400 6800 10200 30845 13600 228624 211420 17464 17000 214281 199049 183739 159926 130167 81658 20788 20400 20788 149267 190753 173212 146826 121559 58395 24134 23800 24134 140364 160768 138057 115846 45021 27493 27200 27493 133154 166647 92615 36613 30860 30600 30860 126993 160223 34928 34234 34000 34234 121534 155117 179956 37400 37613 57772 150906 175054 326623 40996 41577 147330 171179 191383 421145 596920 610024 618926 44918 144222 168048 187551 356683 461561 506619 578404 590099 602170 141470 165473 184534 230835 429034 492615 522510 554101 574200 584875 163323 182135 198744 382675 464480 508537 537170 567310 161506 180217 196376 279599 436923 497146 523321 550797 159955 178678 194526 209126 405628 468622 511906 537140 158621 177444 193092 207272 318663 444812 499497 525769 157467 176460 191994 205858 218966 425704 473584 516254 538859 209733 175682 191172 204804 217533 348078 452701 501703 529346 551273 292799 256739 175076 190581 204048 216476 257489 435624 479124 521293 541804 622977 308968 232732 174617 190184 203542 215733 227343 369035 460591 505017 533732 553702 704114 377563 324149 239445 174283 189950 203248 215256 226586 293960 445201 485086 526840 545643 565102 778142 436491 385404 336087 257545 174058 189858 203133 215004 226106 236821 388597 468480 509143 538720 557083 635940 839500 441989 392913 345275 273633 227197 189887 203174 214946 225862 236321 325374 532769 550154 568099 708005 497961 447332 400128 354052 215055 501361 452536 407078 362460 573102 504761 457616 413791 462583
77507 596373 5250 0 4000 5250 7889 53707 10956 221853 205255 57107 14176 207784 193800 180359 160725 137186 114057 60507 17464 18788 76744 187293 173885 152341 133957 106374 63907 20788 21913 42305 165281 147892 132824 102634 67307 31173 25109 26654 75107 132913 101021 70707 40073 28352 29729 50194 100694 74107 47439 31628 32869 34531 77372 53852 34928 36056 37577 58083 97553 38246 39278 40679 42412 81537 228679 565369 580418 592183 42528 43825 45438 65972 99959 326976 441051 540055 554382 568617 47007 48514 50296 86776 115356 382408 463494 502184 530891 545305 51631 53308 73861 103785 274818 412473 476380 512586 54781 56365 60863 92681 118362 339939 437353 488255 57960 59459 61183 81751 108537 177173 385872 459189 61162 62585 64225 70761 99029 122396 307039 416476 154205 65738 67301 69061 89640 113928 134832 352902 438909 190921 68914 70407 72091 80208 105685 127161 234629 392359 459036 311760 224987 72111 73539 75153 76942 97529 119780 139170 328262 423062 506282 329007 256883 75326 76694 78243 79962 89342 112567 132463 150248 365865 443560 576565 401549 344933 279433 179867 79869 81357 83012 84824 105418 125976 144085 275399 400623 462255 638799 472478 413243 356473 297898 210401 83062 84494 86089 87836 98247 119616 138174 154882 345463 431251 479474 695263 480857 424250 367394 313962 239163 86270 87650 89188 90877 92707 113308 210935 378828 450193 524419 545343 488853 434656 378948 92309 550988 496508 444305 391004 628477 556471 503861 453469 510942
34234 602769 3400 4000 0 3400 6800 19020 10200 222436 205319 14176 13600 204787 189605 174135 147743 118074 55136 17464 17000 17464 125018 179385 157710 132008 107994 29976 20788 20400 20788 114941 143597 122219 79894 25109 24134 23800 24134 98435 138138 54053 28352 27493 27200 27493 72557 131199 31628 30860 30600 30860 31628 125898 148870 34000 34234 34928 117139 143806 212065 37613 38246 104043 139918 158551 392712 576714 590360 600412 41577 86733 136854 154753 219954 433045 481463 556162 568487 581090 62256 131730 151836 167674 388550 465541 496203 528675 550852 562116 123544 149574 164792 227844 429658 480551 509735 540503 113561 147810 162595 176465 387444 462534 494426 522274 100909 144802 160928 174278 235733 429376 481938 507353 84281 139227 159680 172638 185042 388350 458622 495044 63257 132686 158766 171437 183401 243622 431071 484827 507389 136964 124803 157145 170591 182208 193473 390656 457522 497264 519079 292709 188938 115085 153195 170036 181383 192272 251511 434103 483343 509081 576942 309222 216968 102839 148652 169723 180862 191446 201801 393977 458336 500610 520352 650010 375516 323627 242970 87051 143321 169081 180597 190932 200963 259401 437150 482065 511953 531145 717344 433696 383470 335189 260328 105046 136960 166242 180546 190683 200442 210052 398057 460512 504777 522839 569236 780082 439252 391073 344485 276611 168212 129261 163008 180679 190658 200191 209518 482529 515700 533316 634653 494561 444641 398362 353346 180766 497961 449884 405374 361821 569127 501361 454995 412136 459988
30860 586537 6800 5250 3400 0 3400 7889 6800 217248 200791 10956 10200 195359 180519 165057 134399 104640 15778 14176 13600 14176 92261 166601 139649 114991 41080 18788 17464 17000 17464 71257 123706 104091 23668 21913 20788 20400 20788 48449 100150 26654 25109 24134 23800 24134 25109 87091 28352 27493 27200 27493 28352 74007 108039 30600 30860 31628 59405 98925 123424 34234 34928 41823 90046 115929 306623 557571 571697 582904 38246 39278 80723 109186 129502 368741 455114 534805 547734 560825 42528 70362 102703 123818 287697 420261 468669 502961 528148 540055 58340 96107 118663 136119 343820 446600 481026 513181 50217 89079 113745 131707 147002 391851 463330 492428 53451 81318 108834 127691 143064 327432 433224 475471 56704 72502 103737 123881 139596 153324 371808 455679 60689 62263 98276 120126 136436 150225 316461 411395 473238 156791 64385 92274 116297 133455 147486 159981 357923 446187 484355 293063 192944 67625 85545 112279 130547 144994 157535 239948 395033 465963 528428 309172 221408 70880 77879 107961 127622 142657 155375 166873 348240 428974 483818 593856 373614 323190 246155 74148 75326 103230 124599 140399 153419 164953 175680 383314 459151 494418 654632 430960 381683 334545 263753 137828 78556 97969 121402 138153 151598 163264 173941 341580 415461 476965 504335 711591 436574 389378 343942 280211 191153 81800 92044 117956 135861 149856 161747 374933 445354 493323 556972 491161 442012 396741 352883 114187 494561 447293 403812 361418 565110 497961 452435 410600 457453
27493 565591 10200 7889 6800 3400 0 5250 3400 209941 193805 7889 6800 178075 161384 136769 94071 37905 12963 10956 10200 10956 59446 122699 88482 43155 18137 15778 14176 13600 14176 34415 48405 23345 20809 18788 17464 17000 17464 18788 57461 23668 21913 20788 20400 20788 21913 42305 25109 24134 23800 24134 25109 27299 60701 27200 27493 28352 29729 50194 74236 30860 31628 32869 39773 65859 156742 532317 547300 560040 34928 36056 37577 58083 78270 258745 374307 505702 519904 533985 39278 40679 50372 71944 88873 319689 391720 452631 496692 509939 43825 45438 65972 83474 169705 346897 406923 462566 47007 48514 60053 78552 93594 252069 365931 420482 50217 51631 53953 73861 89379 102778 310725 382664 53451 54781 56365 69216 85483 99079 182668 347267 75976 57960 59459 64467 81751 95740 107997 252104 365034 166907 61162 62585 64225 78058 92629 105075 116346 304128 380852 293609 197780 64385 65738 67301 74304 89640 102415 113750 195631 342994 414545 308806 226662 67625 68914 70407 72091 86687 99924 111433 121931 255883 368234 476223 371881 323072 250126 90152 72111 73539 75153 83697 97529 109315 119887 136428 302791 383171 533604 428292 380065 334194 267936 175287 75326 76694 78243 80607 95167 107328 118058 127910 208594 341813 396986 587395 433966 387850 343686 284536 201177 78556 79869 81357 83012 92784 105418 135593 261974 368910 409876 487761 439452 395285 352696 84494 491161 444772 402410 361281 561046 494561 449945 409196 454987
23800 524775 30845 53707 19020 7889 5250 0 4000 172564 160699 3400 5250 141122 128304 100453 68412 32655 7889 6800 7889 10500 13793 86339 64185 37905 12963 10956 10200 10956 12963 15749 43155 18137 15778 14176 13600 14176 15778 18137 20999 18788 17464 17000 17464 18788 20809 23345 20788 20400 20788 21913 23668 25926 28569 24134 25109 26654 28678 31088 33800 28352 29729 31557 33762 36275 39036 425175 455430 484753 32869 34531 36556 38889 41477 62505 220184 378867 400636 420671 37577 39446 41617 44045 46690 91459 225434 295831 352718 378137 42412 44438 46720 49222 51911 116639 230684 295430 45438 47335 49484 51852 54412 57137 138960 235934 48514 50296 52322 54568 57006 59612 62367 159042 56270 53308 55225 57356 59680 62175 64821 67600 172716 56365 58181 60208 62426 64815 67357 70036 72835 212368 59459 61183 63114 65233 67523 69967 72549 75255 78073 314149 247658 103248 64225 66067 68094 70291 72642 75132 77749 80479 87851 332281 272803 183673 67301 69061 71003 73113 75375 77778 80308 82954 85706 113041 390869 347832 291412 217538 70407 72091 73954 75981 78161 80481 82929 85494 88166 90935 160056 444339 401081 359687 308821 248655 143106 75153 76942 78892 80994 83235 85604 88091 90686 93381 96167 204192 452050 410720 370825 325195 274461 194629 78243 79962 81841 83869 86035 93263 95885 98600 101400 503107 459404 419764 381337 83012 508521 466445 428181 391303 574770 513776 473208 436225 479725
24134 544767 13600 10956 10200 6800 3400 4000 0 170143 158117 5250 3400 129557 108856 68405 30350 13793 10500 7889 6800 7889 28661 39043 22451 18975 15749 12963 10956 10200 10956 12963 24186 20999 18137 15778 14176 13600 14176 15778 18137 20809 18788 17464 17000 17464 18788 20809 21913 20788 20400 20788 21913 23668 25926 23800 24134 25109 26654 28678 31088 27493 28352 29729 31557 33762 60146 495699 523402 537403 31628 32869 34531 36556 38889 124281 275762 431993 461015 488914 36056 37577 39446 41617 44045 175091 289878 354484 403473 431879 40679 42412 44438 46720 49222 217481 302169 359734 43825 45438 47335 49484 51852 78283 238577 313153 47007 48514 50296 52322 54568 57006 124890 256371 50217 51631 53308 55225 57356 59680 62175 163677 107713 54781 56365 58181 60208 62426 64815 67357 198436 172205 57960 59459 61183 63114 65233 67523 69967 96420 229257 293324 203645 61162 62585 64225 66067 68094 70291 72642 75132 133561 254027 308823 232908 64385 65738 67301 69061 71003 73113 75375 77778 80308 165759 310348 370347 323331 255046 155377 68914 70407 72091 73954 75981 78161 80481 82929 85494 194849 362492 425702 378644 334188 273021 186381 72111 73539 75153 76942 78892 80994 83235 85604 88091 114557 221781 411151 431438 386516 343760 289716 212376 75326 76694 78243 79962 81841 83869 90741 93263 145762 246511 484361 436972 394017 352826 81357 487761 442330 401192 361449 556929 491161 447532 407968 452596
31499 441258 228624 221853 222436 217248 209941 172564 170143 0 4000 125467 129467 3400 5250 8693 12472 16357 20287 24240 28206 32180 36160 7889 10500 13793 17385 21124 24945 28814 32715 36637 12963 15749 18975 22451 26078 29800 33586 37417 41280 20999 24186 27586 31128 34770 38483 42249 26249 29411 32757 36235 39812 43463 47170 34643 37949 41378 44902 48499 52155 39880 43156 46545 50024 53576 57188 366221 387549 407455 45120 48372 51729 55171 58684 62256 102240 293293 318415 341583 50362 53594 56924 60335 63815 67353 70939 123522 220431 271699 55606 58822 62129 65513 68964 72471 76026 79624 240663 60850 64053 67341 70702 74127 77606 81134 333491 245913 66096 69287 72558 75899 79301 82757 400666 331912 251163 71342 74523 77779 81103 84485 443045 398451 331305 256413 76588 79761 83005 86312 89676 479738 438930 397162 331474 261663 91579 85000 88233 91526 94874 535806 506831 474033 435947 396153 332272 266912 111345 90241 93463 96744 100077 556141 529738 502841 469652 433889 393460 333588 272162 129153 95482 98696 101965 105285 589127 570675 550790 525035 499863 466349 432600 391680 335336 277412 145389 100725 103930 107189 110496 620408 602065 584233 567322 545411 521431 495575 463938 431959 390660 337448 282662 160341 105968 109166 112415 115712 632076 613939 597017 580569 564416 541219 518730 492170 462275 431868 390279 174229 111212 114403 117644 662840 643261 625285 609029 516782 675986 653806 636177 620091 722822 688683 663861 646668 673796
28569 442541 211420 205255 205319 200791 193805 160699 158117 4000 0 121467 125467 5250 3400 5250 8693 12472 16357 20287 24240 28206 41634 6800 7889 10500 13793 17385 21124 24945 28814 32715 10956 12963 15749 18975 22451 26078 29800 33586 37417 18137 20999 24186 27586 31128 34770 38483 23345 26249 29411 32757 36235 39812 43463 31499 34643 37949 41378 44902 48499 36748 39880 43156 46545 50024 53576 368599 390262 410412 41998 45120 48372 51729 55171 58684 108493 296722 322377 345911 47248 50362 53594 56924 60335 63815 67353 144389 231202 277163 52498 55606 58822 62129 65513 68964 72471 76026 165164 57747 60850 64053 67341 70702 74127 77606 275605 157999 62997 66096 69287 72558 75899 79301 344383 266016 147087 68247 71342 74523 77779 81103 386869 337439 256442 132304 73497 76588 79761 83005 86312 424197 378263 327805 247970 120687 78746 81835 85000 88233 91526 486316 452805 414098 371361 318122 241011 111503 83996 87082 90241 93463 96744 507686 476487 445468 405912 365835 310370 235307 104239 89246 92330 95482 98696 101965 545088 522949 498263 468525 437160 399258 361440 304173 230659 98516 94496 97578 100725 103930 107189 580525 558569 537154 516865 489699 462045 429458 393857 357992 299251 226910 96732 99745 102826 105968 109166 112415 592425 570863 550500 530839 509418 482704 456770 423136 389498 351151 295150 104995 108074 111212 114403 627434 603776 582556 563131 450123 640510 614640 593725 574702 691851 653128 625070 604434 635106
20400 455146 17464 57107 14176 10956 7889 3400 5250 125467 121467 0 4000 24240 20287 16357 12472 8693 5250 3400 5250 8693 12472 21124 17385 13793 10500 7889 6800 7889 10500 13793 18975 15749 12963 10956 10200 10956 12963 15749 18975 15778 14176 13600 14176 15778 18137 20999 17464 17000 17464 18788 20809 23345 26249 20788 21913 23668 25926 28569 31499 25109 26654 28678 31088 33800 36748 401931 420981 438768 29729 31557 33762 36275 39036 41998 186250 345244 370983 393845 34531 36556 38889 41477 44276 47248 182848 250683 310606 339299 39446 41617 44045 46690 49518 52498 181025 243699 42412 44438 46720 49222 51911 54761 57747 180380 45438 47335 49484 51852 54412 57137 60005 62997 101696 50296 52322 54568 57006 59612 62367 65251 183110 53308 55225 57356 59680 62175 64821 67600 70497 223636 56365 58181 60208 62426 64815 67357 70036 72835 75743 316323 253911 162742 61183 63114 65233 67523 69967 72549 75255 78073 80990 334682 277968 200660 64225 66067 68094 70291 72642 75132 77749 80479 83312 86237 391128 350008 296673 234592 97949 69061 71003 73113 75375 77778 80308 82954 85706 88552 91485 443051 401421 361898 314123 260531 184119 72091 73954 75981 78161 80481 82929 85494 88166 90935 93793 96732 450835 411114 373040 330499 283433 216229 75153 76942 78892 80994 83235 90686 93381 96167 99035 500657 458244 420143 383537 79962 506113 465323 428570 393472 571370 511399 472112 436610 478645
20788 459817 17000 14176 13600 10200 6800 5250 3400 129467 125467 4000 0 28206 24240 20287 16357 12472 8693 5250 3400 5250 8693 24945 21124 17385 13793 10500 7889 6800 7889 10500 22451 18975 15749 12963 10956 10200 10956 12963 15749 18137 15778 14176 13600 14176 15778 18137 18788 17464 17000 17464 18788 20809 23345 20400 20788 21913 23668 25926 28569 24134 25109 26654 28678 31088 33800 410702 429125 446375 28352 29729 31557 33762 36275 64672 214934 367046 387205 405824 32869 34531 36556 38889 41477 95143 220184 285937 339624 365907 37577 39446 41617 44045 46690 121176 225434 285394 40679 42412 44438 46720 49222 51911 143968 230684 43825 45438 47335 49484 51852 54412 57137 164290 47007 48514 50296 52322 54568 57006 59612 62367 143833 51631 53308 55225 57356 59680 62175 64821 67600 178852 54781 56365 58181 60208 62426 64815 67357 70036 83609 293513 210811 57960 59459 61183 63114 65233 67523 69967 72549 75255 103709 309303 240384 61162 62585 64225 66067 68094 70291 72642 75132 77749 80479 133441 369052 324037 261128 171140 65738 67301 69061 71003 73113 75375 77778 80308 82954 85706 180813 423204 377455 334588 279194 198989 68914 70407 72091 73954 75981 78161 80481 82929 85494 88166 90935 225165 429002 385408 344222 293957 224987 72111 73539 75153 76942 78892 80994 88091 90686 93381 96167 480961 434584 392968 353326 78243 484361 439978 400185 361967 552752 487761 445208 406938 450292
29411 424339 214281 207784 204787 195359 178075 141122 129557 3400 5250 24240 28206 0 4000 8000 12000 16000 20000 24000 28000 32000 36000 5250 8693 12472 16357 20287 24240 28206 32180 36160 10500 13793 17385 21124 24945 28814 32715 36637 40574 18975 22451 26078 29800 33586 37417 41280 24186 27586 31128 34770 38483 42249 46054 32757 36235 39812 43463 47170 50922 37949 41378 44902 48499 52155 55858 350441 369871 388047 43156 46545 50024 53576 57188 60848 86739 278003 300968 322224 48372 51729 55171 58684 62256 65877 69540 82866 171445 250290 53594 56924 60335 63815 67353 70939 74568 78233 318857 188842 62129 65513 68964 72471 76026 79624 403157 332089 224793 67341 70702 74127 77606 81134 460079 408407 343876 255086 72558 75899 79301 82757 495299 462277 413657 354583 281360 77779 81103 84485 87918 526021 495448 464897 418907 364462 302750 144639 86312 89676 93090 569078 547742 524473 496275 467856 424156 373689 317373 218253 91526 94874 98270 585964 566602 547150 523827 497651 471092 429406 382395 330600 244700 96744 100077 103457 609658 597509 584266 565175 547279 523906 499476 474558 434656 390677 342731 268320 101965 105285 108650 633623 620260 608074 597164 582041 564579 547945 524578 501674 478215 439906 398610 353983 289730 107189 110496 113848 643815 630183 618353 607527 597354 580756 564657 547579 525741 504186 482035 364519 309365 210631 115712 670490 653740 639869 628149 565287 683167 663410 649333 637386 727201 695454 672836 658584 682659
26249 424343 199049 193800 189605 180519 161384 128304 108856 5250 3400 20287 24240 4000 0 4000 8000 12000 16000 20000 24000 28000 32000 3400 5250 8693 12472 16357 20287 24240 28206 32180 7889 10500 13793 17385 21124 24945 28814 32715 36637 15749 18975 22451 26078 29800 33586 37417 20999 24186 27586 31128 34770 38483 42249 29411 32757 36235 39812 43463 47170 34643 37949 41378 44902 48499 52155 351364 371151 389598 39880 43156 46545 50024 53576 57188 89794 279880 303370 325009 45120 48372 51729 55171 58684 62256 65877 98486 189554 256938 50362 53594 56924 60335 63815 67353 70939 74568 235414 55606 58822 62129 65513 68964 72471 76026 322665 240663 60850 64053 67341 70702 74127 77606 385636 320920 245913 66096 69287 72558 75899 79301 424527 383460 320258 251163 78439 74523 77779 81103 84485 458467 420415 382285 320441 256413 100914 79761 83005 86312 89676 510923 483570 452678 417544 380358 321298 261663 120658 85000 88233 91526 94874 530010 504681 479662 448365 415667 377715 322702 266912 138300 90241 93463 96744 100077 561193 543429 524228 499996 476312 445224 414600 376050 324555 272162 154286 95482 98696 101965 105285 591685 573400 556038 540080 518798 496533 472012 443036 414205 375185 326782 277412 168940 100725 103930 107189 110496 602779 584606 567996 552322 536448 514697 494051 468807 441633 414374 374986 182504 105968 109166 112415 634206 613426 595348 579389 492373 646979 623671 605681 589811 695515 659269 633552 615650 643099
23345 424874 183739 180359 174135 165057 136769 100453 68405 8693 5250 16357 20287 8000 4000 0 4000 8000 12000 16000 20000 24000 28000 5250 3400 5250 8693 12472 16357 20287 24240 28206 6800 7889 10500 13793 17385 21124 24945 28814 32715 12963 15749 18975 22451 26078 29800 33586 18137 20999 24186 27586 31128 34770 38483 26249 29411 32757 36235 39812 43463 31499 34643 37949 41378 44902 48499 353057 373173 391861 36748 39880 43156 46545 50024 53576 94777 282763 306754 328737 41998 45120 48372 51729 55171 58684 62256 117600 211738 261953 47248 50362 53594 56924 60335 63815 67353 70939 154049 52498 55606 58822 62129 65513 68964 72471 261651 146334 57747 60850 64053 67341 70702 74127 327556 248573 129779 62997 66096 69287 72558 75899 367184 320340 237861 114154 68247 71342 74523 77779 81103 402188 358230 308791 229218 102152 73497 76588 79761 83005 86312 461680 429210 391625 351202 298760 222225 92856 78746 81835 85000 88233 91526 481971 451285 421680 383248 345693 290884 216577 85643 83996 87082 90241 93463 96744 518025 496200 471678 443068 412357 376578 341407 283973 212045 86237 89246 92330 95482 98696 101965 553029 530776 509497 489860 462795 436532 404588 371275 335548 277142 208454 91485 94496 97578 100725 103930 107189 564281 542376 522030 502886 481238 455699 430543 398336 367089 328091 271489 99745 102826 105968 109166 599548 575011 553424 533922 423370 611588 585277 563986 544976 663912 623399 595125 574117 604596
20809 426043 159926 160725 147743 134399 94071 68412 30350 12472 8693 12472 16357 12000 8000 4000 0 4000 8000 12000 16000 20000 24000 8693 5250 3400 5250 8693 12472 16357 20287 24240 7889 6800 7889 10500 13793 17385 21124 24945 28814 10956 12963 15749 18975 22451 26078 29800 15778 18137 20999 24186 27586 31128 34770 23345 26249 29411 32757 36235 39812 28569 31499 34643 37949 41378 44902 355716 376108 394983 33800 36748 39880 43156 46545 50024 103337 286937 311372 333629 39036 41998 45120 48372 51729 55171 58684 142867 224239 268471 44276 47248 50362 53594 56924 60335 63815 71884 46690 49518 52498 55606 58822 62129 65513 68964 198888 51911 54761 57747 60850 64053 67341 70702 276605 173904 57137 60005 62997 66096 69287 72558 319749 254368 153672 62367 65251 68247 71342 74523 77779 354528 303739 229307 136936 67600 70497 73497 76588 79761 83005 419770 382652 338649 289568 208942 70036 72835 75743 78746 81835 85000 88233 440574 404794 369097 325868 274093 192041 75255 78073 80990 83996 87082 90241 93463 480559 454962 425271 392774 355062 313315 253705 177800 80479 83312 86237 89246 92330 95482 98696 519411 493321 468385 444423 412683 382239 343610 302531 236741 165664 85706 88552 91485 94496 97578 100725 103930 530374 504882 481002 458702 431283 402431 369755 333595 291721 222414 155237 96732 99745 102826 105968 569040 540789 515829 492936 359457 579845 550717 526256 504278 635629 590801 560212 536223 569318
18788 427993 130167 137186 118074 104640 37905 32655 13793 16357 12472 8693 12472 16000 12000 8000 4000 0 4000 8000 12000 16000 20000 12472 8693 5250 3400 5250 8693 12472 16357 20287 10500 7889 6800 7889 10500 13793 17385 21124 24945 10200 10956 12963 15749 18975 22451 26078 14176 15778 18137 20999 24186 27586 31128 20809 23345 26249 29411 32757 36235 25926 28569 31499 34643 37949 41378 359602 380181 399158 31088 33800 36748 39880 43156 46545 119475 292800 317566 339980 36275 39036 41998 45120 48372 51729 55171 175565 237148 276926 41477 44276 47248 50362 53594 56924 60335 116112 44045 46690 49518 52498 55606 58822 62129 65513 149262 49222 51911 54761 57747 60850 64053 67341 230484 93124 54412 57137 60005 62997 66096 69287 272284 189130 57006 59612 62367 65251 68247 71342 74523 309209 248682 152667 62175 64821 67600 70497 73497 76588 79761 383993 340350 284652 221864 106087 67357 70036 72835 75743 78746 81835 85000 404531 363581 317098 264298 187171 69967 72549 75255 78073 80990 83996 87082 90241 448080 418856 383896 345538 295975 247032 159519 75132 77749 80479 83312 86237 89246 92330 95482 490295 460326 431945 402587 366610 324988 278200 216714 119050 80308 82954 85706 88552 91485 94496 97578 100725 500559 471542 444235 418996 385580 351298 306581 262967 190162 82929 85494 93793 96732 99745 102826 542267 510290 482029 455841 290906 551317 519551 491998 466852 610245 561035 528394 501510 536863
17464 430912 81658 114057 55136 15778 12963 7889 10500 20287 16357 5250 8693 20000 16000 12000 8000 4000 0 4000 8000 12000 16000 16357 12472 8693 5250 3400 5250 8693 12472 16357 13793 10500 7889 6800 7889 10500 13793 17385 21124 10956 10200 10956 12963 15749 18975 22451 13600 14176 15778 18137 20999 24186 27586 18788 20809 23345 26249 29411 32757 23668 25926 28569 31499 34643 37949 365082 385698 404645 28678 31088 33800 36748 39880 43156 148554 300936 325822 348196 33762 36275 39036 41998 45120 48372 76769 191436 252441 287941 38889 41477 44276 47248 50362 53594 56924 170080 41617 44045 46690 49518 52498 55606 58822 62129 81173 46720 49222 51911 54761 57747 60850 64053 194032 49484 51852 54412 57137 60005 62997 66096 232774 107674 54568 57006 59612 62367 65251 68247 71342 267670 201921 57356 59680 62175 64821 67600 70497 73497 76588 349516 299387 235819 129174 62426 64815 67357 70036 72835 75743 78746 81835 369866 321421 266760 209810 65233 67523 69967 72549 75255 78073 80990 83996 87082 419993 385048 341671 295496 240021 147480 70291 72642 75132 77749 80479 83312 86237 89246 92330 465224 431311 398066 360473 318689 267888 217700 82650 75375 77778 80308 82954 85706 88552 91485 94496 97578 474395 441843 410221 378067 337430 293954 245009 163610 78161 80481 82929 90935 93793 96732 99745 518863 483089 451541 421640 225589 525952 491364 460755 432424 587384 533649 499269 469541 506845
17000 435054 20788 60507 17464 14176 10956 6800 7889 24240 20287 3400 5250 24000 20000 16000 12000 8000 4000 0 4000 8000 12000 20287 16357 12472 8693 5250 3400 5250 8693 12472 17385 13793 10500 7889 6800 7889 10500 13793 17385 12963 10956 10200 10956 12963 15749 18975 14176 13600 14176 15778 18137 20999 24186 17464 18788 20809 23345 26249 29411 21913 23668 25926 28569 31499 34643 372680 393084 411793 26654 28678 31088 33800 36748 39880 159597 312223 336846 358845 31557 33762 36275 39036 41998 45120 146555 211282 271291 302436 36556 38889 41477 44276 47248 50362 126243 196740 39446 41617 44045 46690 49518 52498 55606 58822 42412 44438 46720 49222 51911 54761 57747 60850 132687 47335 49484 51852 54412 57137 60005 62997 197231 50296 52322 54568 57006 59612 62367 65251 68247 231549 96257 55225 57356 59680 62175 64821 67600 70497 73497 319493 261594 183529 58181 60208 62426 64815 67357 70036 72835 75743 78746 338002 284460 220215 74372 63114 65233 67523 69967 72549 75255 78073 80990 83996 391919 353015 303152 247128 171706 66067 68094 70291 72642 75132 77749 80479 83312 86237 89246 442036 402259 364873 320544 272550 210065 69061 71003 73113 75375 77778 80308 82954 85706 88552 91485 94496 449881 411974 375963 336834 292686 238135 142297 73954 75981 78161 80481 88166 90935 93793 96732 498310 457331 420955 386393 76942 503804 464437 429363 396250 567970 509119 471241 437376 477780
17464 438380 20400 17464 17000 13600 10200 7889 6800 28206 24240 5250 3400 28000 24000 20000 16000 12000 8000 4000 0 4000 8000 24240 20287 16357 12472 8693 5250 3400 5250 8693 21124 17385 13793 10500 7889 6800 7889 10500 13793 15749 12963 10956 10200 10956 12963 15749 15778 14176 13600 14176 15778 18137 20999 17000 17464 18788 20809 23345 26249 20788 21913 23668 25926 28569 31499 383174 402950 421086 25109 26654 28678 31088 33800 36748 177596 328055 351704 372757 29729 31557 33762 36275 39036 41998 173554 237596 295593 321838 34531 36556 38889 41477 44276 47248 171393 230022 37577 39446 41617 44045 46690 49518 52498 170588 40679 42412 44438 46720 49222 51911 54761 57747 43825 45438 47335 49484 51852 54412 57137 60005 151471 48514 50296 52322 54568 57006 59612 62367 65251 187295 51631 53308 55225 57356 59680 62175 64821 67600 70497 294295 219662 54781 56365 58181 60208 62426 64815 67357 70036 72835 75743 310349 248906 155378 59459 61183 63114 65233 67523 69967 72549 75255 78073 80990 368042 325169 267950 185674 62585 64225 66067 68094 70291 72642 75132 77749 80479 83312 86237 420814 376542 335475 283480 213478 65738 67301 69061 71003 73113 75375 77778 80308 82954 85706 88552 91485 426674 384563 345141 298041 239326 161521 70407 72091 73954 75981 78161 85494 88166 90935 93793 477561 432302 392171 354256 75153 480961 437731 399404 362891 548508 484361 442985 406137 448086
18788 442171 20788 18788 17464 14176 10956 10500 7889 32180 28206 8693 5250 32000 28000 24000 20000 16000 12000 8000 4000 0 4000 28206 24240 20287 16357 12472 8693 5250 3400 5250 24945 21124 17385 13793 10500 7889 6800 7889 10500 18975 15749 12963 10956 10200 10956 12963 18137 15778 14176 13600 14176 15778 18137 17464 17000 17464 18788 20809 23345 20400 20788 21913 23668 25926 28569 395121 412288 428376 24134 25109 26654 28678 31088 68943 209685 350767 372083 389746 28352 29729 31557 33762 36275 101000 214934 275124 325304 348472 32869 34531 36556 38889 41477 127781 220184 274483 36056 37577 39446 41617 44045 46690 150893 225434 39278 40679 42412 44438 46720 49222 51911 171297 42528 43825 45438 47335 49484 51852 54412 57137 45800 47007 48514 50296 52322 54568 57006 59612 81269 126389 50217 51631 53308 55225 57356 59680 62175 64821 102743 267793 171474 53451 54781 56365 58181 60208 62426 64815 67357 70036 122190 282031 197075 56704 57960 59459 61183 63114 65233 67523 69967 72549 75255 156595 347782 295172 221068 59974 61162 62585 64225 66067 68094 70291 72642 75132 77749 80479 204168 403049 353984 307368 236757 104394 64385 65738 67301 69061 71003 73113 75375 77778 80308 82954 85706 248586 406449 359908 316122 250862 159548 67625 68914 70407 72091 73954 75981 82929 85494 88166 103871 459611 409849 365594 324361 73539 460479 413249 371075 331680 530173 461592 416649 376377 420049
20809 447679 149267 76744 125018 92261 59446 13793 28661 36160 41634 12472 8693 36000 32000 28000 24000 20000 16000 12000 8000 4000 0 32180 28206 24240 20287 16357 12472 8693 5250 3400 28814 24945 21124 17385 13793 10500 7889 6800 7889 22451 18975 15749 12963 10956 10200 10956 20999 18137 15778 14176 13600 14176 15778 18788 17464 17000 17464 18788 20809 20788 20400 20788 21913 23668 97295 406828 422646 437683 23800 24134 25109 26654 28678 174325 275207 373458 389375 404557 27493 28352 29729 31557 33762 222356 285795 325823 360117 375396 31628 32869 34531 36556 110259 250813 295177 331073 34928 36056 37577 39446 41617 168520 266648 303723 38246 39278 40679 42412 44438 46720 208485 279838 41577 42528 43825 45438 47335 49484 123222 240494 44918 45800 47007 48514 50296 52322 54568 170653 264535 48268 49089 50217 51631 53308 55225 57356 75120 205412 278080 241017 74040 52393 53451 54781 56365 58181 60208 62426 136185 233880 301243 250498 105829 55708 56704 57960 59459 61183 63114 65233 67523 176507 258631 355812 326048 259331 133989 59033 59974 61162 62585 64225 66067 68094 70291 99879 207514 280246 406139 388301 329448 267616 159350 62365 63257 64385 65738 67301 69061 71003 73113 75375 149148 233427 292290 453004 388714 332848 275433 182483 65705 66552 67625 68914 70407 72091 73954 80481 184428 256174 303230 444040 389447 336248 282847 72111 441888 390450 339648 289911 513294 440313 391685 343048 393120
24186 407861 190753 187293 179385 166601 122699 86339 39043 7889 6800 21124 24945 5250 3400 5250 8693 12472 16357 20287 24240 28206 32180 0 4000 8000 12000 16000 20000 24000 28000 32000 5250 8693 12472 16357 20287 24240 28206 32180 36160 13793 17385 21124 24945 28814 32715 36637 18975 22451 26078 29800 33586 37417 41280 27586 31128 34770 38483 42249 46054 32757 36235 39812 43463 47170 50922 335907 353662 370249 37949 41378 44902 48499 52155 55858 74393 264697 285935 305570 43156 46545 50024 53576 57188 60848 64548 68282 139574 220134 168202 51729 55171 58684 62256 65877 69540 73238 324930 213223 56924 60335 63815 67353 70939 74568 397908 337646 248430 62129 65513 68964 72471 76026 447477 403157 348898 277579 67341 70702 74127 77606 477614 449953 408407 359087 302626 192388 75899 79301 82757 504671 478093 452850 413657 368476 318539 225507 81103 84485 87918 542902 523822 503391 479282 456078 418907 377249 331962 253476 86312 89676 93090 558375 540575 523598 503087 481027 459571 424156 385534 344094 277841 91526 94874 98270 581238 568941 556556 539433 524147 503547 483219 463280 429406 393429 355229 299547 216574 100077 103457 605434 591582 579173 568614 554524 539202 524614 504617 485776 467168 434656 401004 365578 319215 243281 105285 108650 615373 601231 589127 578324 569072 553538 539689 524632 506182 488634 471203 375292 337270 266818 110496 642535 625032 610644 598711 540751 654771 634426 619833 607657 700043 666593 643566 628807 652463
20999 407143 173212 173885 157710 139649 88482 64185 22451 10500 7889 17385 21124 8693 5250 3400 5250 8693 12472 16357 20287 24240 28206 4000 0 4000 8000 12000 16000 20000 24000 28000 3400 5250 8693 12472 16357 20287 24240 28206 32180 10500 13793 17385 21124 24945 28814 32715 15749 18975 22451 26078 29800 33586 37417 24186 27586 31128 34770 38483 42249 29411 32757 36235 39812 43463 47170 336156 354259 371112 34643 37949 41378 44902 48499 52155 77044 266012 287748 307745 39880 43156 46545 50024 53576 57188 60848 71606 157044 235093 45120 48372 51729 55171 58684 62256 65877 69540 230164 50362 53594 56924 60335 63815 67353 70939 310895 235414 55606 58822 62129 65513 68964 72471 369315 309016 240663 64078 64053 67341 70702 74127 404559 367241 308348 245913 90618 69287 72558 75899 79301 435705 400484 366254 308603 251163 113044 74523 77779 81103 84485 484733 458883 429828 397785 363281 309576 256413 132502 79761 83005 86312 89676 502678 478237 455067 425618 396159 360757 311122 261663 149736 85000 88233 91526 94874 532337 515060 496325 473555 451118 422697 395387 359278 313132 266912 165256 90241 93463 96744 100077 562386 543880 526785 511657 490809 470253 446979 420797 395311 358640 315522 272162 179420 95482 98696 101965 105285 572924 554463 537969 522949 507130 486806 468030 444030 419723 395809 358690 192491 100725 103930 107189 604687 583038 564630 548695 465766 616532 592765 574424 558620 666179 628096 602140 583881 611189
18137 406867 146826 152341 132008 114991 43155 37905 18975 13793 10500 13793 17385 12472 8693 5250 3400 5250 8693 12472 16357 20287 24240 8000 4000 0 4000 8000 12000 16000 20000 24000 5250 3400 5250 8693 12472 16357 20287 24240 28206 7889 10500 13793 17385 21124 24945 28814 12963 15749 18975 22451 26078 29800 33586 20999 24186 27586 31128 34770 38483 26249 29411 32757 36235 39812 43463 337092 355519 372611 31499 34643 37949 41378 44902 48499 81101 268268 290477 310798 36748 39880 43156 46545 50024 53576 57188 89794 177538 245980 41998 45120 48372 51729 55171 58684 62256 65877 141974 47248 50362 53594 56924 60335 63815 67353 243012 132292 52498 55606 58822 62129 65513 68964 309388 228816 109818 57747 60850 64053 67341 70702 346089 301625 217721 93437 62997 66096 69287 72558 75899 378760 336731 288001 208954 81220 68247 71342 74523 77779 81103 435946 404302 367632 329590 276385 201994 72001 73497 76588 79761 83005 86312 455256 424800 395962 359052 324142 266358 196479 75743 78746 81835 85000 88233 91526 490273 468502 443835 416254 385971 352398 319762 258240 192142 80990 83996 87082 90241 93463 96744 525212 502323 480929 461727 434547 409648 378152 347245 310496 251644 188784 86237 89246 92330 95482 98696 101965 535785 513239 492677 473906 451725 427326 402143 372015 343293 303018 246290 94496 97578 100725 103930 571637 545856 523639 503847 395038 582430 555478 533583 514422 636034 593294 564698 543119 573554
15778 407127 121559 133957 107994 41080 18137 12963 15749 17385 13793 10500 13793 16357 12472 8693 5250 3400 5250 8693 12472 16357 20287 12000 8000 4000 0 4000 8000 12000 16000 20000 8693 5250 3400 5250 8693 12472 16357 20287 24240 6800 7889 10500 13793 17385 21124 24945 10956 12963 15749 18975 22451 26078 29800 18137 20999 24186 27586 31128 34770 23345 26249 29411 32757 36235 39812 338891 357596 374881 28569 31499 34643 37949 41378 44902 87807 271741 294363 314941 33800 36748 39880 43156 46545 50024 53576 112577 203045 251931 39036 41998 45120 48372 51729 55171 58684 62256 41477 44276 47248 50362 53594 56924 60335 63815 178675 46690 49518 52498 55606 58822 62129 65513 254199 151593 51911 54761 57747 60850 64053 67341 295068 227701 130321 57137 60005 62997 66096 69287 72558 330651 277144 200926 59612 62367 65251 68247 71342 74523 77779 394832 357863 311534 262460 179800 64821 67600 70497 73497 76588 79761 83005 414735 378489 342268 296037 240664 162655 70036 72835 75743 78746 81835 85000 88233 454110 428126 397619 365752 325891 283192 219753 148459 75255 78073 80990 83996 87082 90241 93463 493239 465996 440633 415548 384258 352880 312349 272372 202724 136536 80479 83312 86237 89246 92330 95482 98696 503340 476840 452404 430211 401591 373641 338839 301017 253627 188594 82954 91485 94496 97578 100725 542803 512921 487024 463542 326906 551956 522040 496719 474132 609129 561683 530751 505979 539095
