NAME: block_49
TYPE: TSP
COMMENT: Water block sampling points with virtual node for Path TSP
DIMENSION: 94
EDGE_WEIGHT_TYPE: EXPLICIT
EDGE_WEIGHT_FORMAT: FULL_MATRIX
EDGE_WEIGHT_SECTION
0 151733 460348 431837 39880 43156 399854 28569 31499 34643 37949 41378 44902 364203 23345 26249 29411 32757 36235 39812 121802 153425 302935 15778 18137 20999 24186 27586 31128 197784 212384 246772 232827 10956 12963 15749 18975 22451 26078 222363 228666 234719 6800 7889 10500 13793 17385 21124 24945 232858 238714 238163 3400 5250 8693 12472 16357 20287 24240 192793 193102 193981 4000 8000 12000 16000 20000 24000 137918 141918 145918 149918 8693 12472 16357 20287 24240 28206 59828 70681 80364 30151 17385 21124 24945 28814 32715 36637 40574 30739 26078 29800 33586 0
151733 0 229086 193993 50086 29729 156910 200969 189062 175787 146501 27084 24637 116407 202047 198539 195461 186751 171454 131126 21905 19630 67727 209509 205304 201164 197146 193357 189991 16772 14791 13774 14941 203640 204262 205700 201329 196967 192656 11741 10360 10432 187373 185946 184966 184565 184934 186358 189292 8947 7038 7143 171103 168407 165935 163750 161940 160640 160051 6736 3854 4042 147733 143733 139733 135733 131733 127733 13814 9814 5814 1814 109457 101830 93339 83627 72101 57701 31048 45514 65337 53981 46404 51478 56674 62526 70086 81916 106690 80275 85507 93688 108255 0
460348 229086 0 5250 398001 380349 10500 387156 379368 371090 362215 352596 342029 15749 378572 370461 361854 352643 342678 331744 319508 305414 20999 380159 372268 363960 355150 345727 335529 279208 255272 32911 26249 375644 367623 359178 350222 404808 420034 204568 34643 31499 372337 364217 409865 421305 434654 450370 467991 39880 36748 69838 425933 436156 447961 461684 476683 471101 460247 41998 42338 203587 472448 485376 480496 470695 459338 445486 50362 47248 44276 180800 480721 470555 458661 444006 420025 368587 55606 52498 49518 458161 440871 415570 334626 213472 60850 57747 54761 309231 197747 66096 62997 12345000
431837 193993 5250 0 351008 338068 5250 341749 334986 327823 320164 311877 302780 10500 332164 324891 317188 308960 300074 290343 279488 267053 15749 332521 325317 317746 309736 301186 347467 241885 221299 24186 20999 327794 320406 312644 359939 370711 383644 176374 29411 26249 324424 372411 380611 390254 401669 415304 426663 34643 31499 54642 398711 407367 417501 429432 437469 429166 419301 36748 33800 173150 440860 445998 437859 428851 418537 406127 45120 41998 39036 148584 438191 428857 418054 404887 382886 296350 50362 47248 44276 417772 401526 378602 264736 205261 55606 52498 49518 242360 187237 60850 57747 12345000
39880 50086 398001 351008 0 4000 302869 12472 8693 5250 3400 5250 8693 262076 17385 13793 10500 7889 6800 7889 10500 13793 219465 26078 22451 18975 15749 12963 10956 15749 18975 128286 156149 31128 27586 24186 20999 18137 15778 20999 24186 63603 36235 32757 29411 26249 23345 20809 18788 23345 26249 29411 37949 34643 31499 28569 25926 23668 33828 134648 28569 31499 36748 33800 31088 28678 26654 71597 168541 161248 148063 134203 36275 33762 31557 29729 97564 161796 181743 174766 167132 36556 34531 44785 117548 169171 197288 186236 179530 72819 133956 175860 200688 12345000
43156 29729 380349 338068 4000 0 298869 16357 12472 8693 5250 3400 5250 261970 21124 17385 13793 10500 7889 6800 7889 10500 225715 29800 26078 22451 18975 15749 12963 12963 15749 148343 173952 34770 31128 27586 24186 20999 18137 18137 20999 93586 39812 36235 32757 29411 26249 23345 20809 20809 23345 26249 41378 37949 34643 31499 28569 25926 111152 71534 25926 28569 39880 36748 33800 31088 28678 130827 160160 139057 121718 28678 39036 36275 33762 119041 147897 178993 186073 166669 147399 38889 36556 134827 163130 188923 205107 189473 172564 149023 175678 197866 206720 12345000
399854 156910 10500 5250 302869 298869 0 295187 289669 283897 277801 271282 264197 5250 284534 278221 271569 264495 256886 248583 239347 228803 10500 283627 277173 270414 263286 255704 309900 203991 186667 18975 15749 278774 272061 320096 329692 338089 348404 147083 24186 20999 341572 346868 353226 360876 370125 377244 384914 29411 26249 38377 373349 380289 386409 391319 394713 386703 377762 31499 28569 141338 404238 402253 394713 386455 377122 366065 39880 36748 33800 114258 395147 386600 376828 364649 344901 220716 45120 41998 39036 376770 361410 266667 225523 196040 50362 47248 44276 230430 175194 55606 52498 12345000
28569 200969 387156 341749 12472 16357 295187 0 4000 8000 12000 16000 20000 246664 5250 3400 5250 8693 12472 16357 20287 24240 193502 13793 10500 7889 6800 7889 10500 47963 28814 99513 117472 18975 15749 12963 10956 10200 10956 113558 97238 60435 24186 20999 18137 15778 14176 13600 14176 171719 146052 128257 26249 23345 20809 18788 17464 17000 17464 193949 199994 173681 25926 23668 21913 20788 20400 20788 171060 179468 188196 196997 26654 25109 24134 23800 24134 25109 157298 167916 177057 28352 27493 27200 27493 28352 128199 156111 165448 30600 30860 31628 97579 12345000
31499 189062 379368 334986 8693 12472 289669 4000 0 4000 8000 12000 16000 242664 8693 5250 3400 5250 8693 12472 16357 20287 191403 17385 13793 10500 7889 6800 7889 21124 24945 98461 117511 22451 18975 15749 12963 10956 10200 96498 78472 33586 27586 24186 20999 18137 15778 14176 13600 154811 124470 105191 29411 26249 23345 20809 18788 17464 17000 182161 178997 148052 28569 25926 23668 21913 20788 20400 172304 179045 183708 187260 28678 26654 25109 24134 23800 81708 163562 171814 178536 29729 28352 27493 27200 67858 154248 164503 171484 30860 30600 59418 139517 12345000
34643 175787 371090 327823 5250 8693 283897 8000 4000 0 4000 8000 12000 238664 12472 8693 5250 3400 5250 8693 12472 16357 189764 21124 17385 13793 10500 7889 6800 17385 21124 98504 118738 26078 22451 18975 15749 12963 10956 59202 26078 32481 31128 27586 24186 20999 18137 15778 14176 134814 97700 43250 32757 29411 26249 23345 20809 18788 17464 168909 152050 116193 31499 28569 25926 23668 21913 28971 171458 170006 171289 174159 31088 28678 26654 25109 44604 120879 175807 176337 174498 31557 29729 28352 57153 124279 177626 178709 180262 31628 67720 127679 177879 12345000
37949 146501 362215 320164 3400 5250 277801 12000 8000 4000 0 4000 8000 234664 16357 12472 8693 5250 3400 5250 8693 12472 188778 24945 21124 17385 13793 10500 7889 13793 17385 100407 121800 29800 26078 22451 18975 15749 12963 18975 22451 36956 34770 31128 27586 24186 20999 18137 15778 92438 24186 27586 36235 32757 29411 26249 23345 20809 48070 155189 97687 39024 34643 31499 28569 25926 23668 89907 165804 160665 159794 158559 33800 31088 28678 33318 114960 160582 177995 171896 166021 33762 31557 75227 133395 168075 193888 182604 176466 100863 148046 174809 197288 12345000
41378 27084 352596 311877 5250 3400 271282 16000 12000 8000 4000 0 4000 230664 20287 16357 12472 8693 5250 3400 5250 8693 188760 28814 24945 21124 17385 13793 10500 10500 13793 105874 127945 33586 29800 26078 22451 18975 15749 15749 18975 47021 38483 34770 31128 27586 24186 20999 38119 18137 20999 24186 39812 36235 32757 29411 26249 23345 121713 119688 23345 26249 37949 34643 31499 28569 117488 140252 159175 142332 130233 75370 36748 33800 82395 133819 156357 181053 182673 165659 150078 56256 131083 148141 170821 190754 202924 186073 171492 161138 181050 199493 204147 12345000
44902 24637 342029 302780 8693 5250 264197 20000 16000 12000 8000 4000 0 226664 24240 20287 16357 12472 8693 5250 3400 5250 190273 32715 28814 24945 21124 17385 13793 7889 10500 119594 139920 37417 33586 29800 26078 22451 21994 12963 15749 73625 42249 38483 34770 31128 27586 45185 112435 15778 18137 20999 43463 39812 36235 32757 61847 117685 155946 33713 20809 23345 41378 40968 75145 122934 157409 169965 145195 118345 70857 23668 86430 128184 160003 170826 183151 194720 173341 148595 127016 163281 173109 182031 193293 203602 199717 173506 151995 193057 201062 212021 196720 12345000
364203 116407 15749 10500 262076 261970 5250 246664 242664 238664 234664 230664 226664 0 235030 229818 224402 218724 212705 206228 199114 191074 5250 232957 227319 221455 229315 255549 273969 165581 151577 13793 10500 288266 294256 297690 302131 307830 314668 22451 18975 15749 320763 324187 328515 330715 333123 336953 342715 24186 20999 20441 345551 347006 349425 353080 350995 343665 335593 26249 23345 107356 364512 357967 351005 343460 335051 318584 34643 31499 28569 76596 351542 343744 333221 256684 220681 215795 39880 36748 33800 296924 229889 225111 220484 185183 45120 41998 39036 225313 129740 50362 47248 12345000
23345 202047 378572 332164 17385 21124 284534 5250 8693 12472 16357 20287 24240 235030 0 4000 8000 12000 16000 20000 24000 28000 179743 8693 5250 3400 5250 8693 12472 107144 98762 133407 135468 13793 10500 7889 6800 7889 10500 153339 149666 144973 18975 15749 12963 10956 10200 10956 12963 192464 182708 176335 20999 18137 15778 14176 13600 14176 15778 198158 207835 209748 20809 18788 17464 17000 17464 18788 169481 179239 188766 197980 21913 20788 20400 20788 21913 23668 149655 161943 173616 24134 23800 24134 25109 26654 28678 132040 156242 27493 28352 29729 31557 12345000
26249 198539 370461 324891 13793 17385 278221 3400 5250 8693 12472 16357 20287 229818 4000 0 4000 8000 12000 16000 20000 24000 175743 12472 8693 5250 3400 5250 8693 98247 85916 120280 122986 17385 13793 10500 7889 6800 7889 144515 136215 130532 22451 18975 15749 12963 10956 10200 10956 185408 173658 166370 24186 20999 18137 15778 14176 13600 14176 193376 203224 198994 23345 20809 18788 17464 17000 17464 166940 176114 185369 194483 23668 21913 20788 20400 20788 21913 150954 161998 172190 25109 24134 23800 24134 25109 104186 149004 158499 27200 27493 28352 29729 12345000
29411 195461 361854 317188 10500 13793 271569 5250 3400 5250 8693 12472 16357 224402 8000 4000 0 4000 8000 12000 16000 20000 171743 16357 12472 8693 5250 3400 5250 88040 69715 104618 108434 21124 17385 13793 10500 7889 6800 128916 119953 114223 26078 22451 18975 15749 12963 10956 10200 177694 160338 148961 27586 24186 20999 18137 15778 14176 13600 188969 198825 186386 26249 23345 20809 18788 17464 17000 166409 174218 182748 191498 25926 23668 21913 20788 20400 68374 155909 164535 172390 26654 25109 24134 23800 52618 143517 156529 163519 27493 27200 44090 126312 12345000
32757 186751 352643 308960 7889 10500 264495 8693 5250 3400 5250 8693 12472 218724 12000 8000 4000 0 4000 8000 12000 16000 167743 20287 16357 12472 8693 5250 3400 74123 47141 85030 96366 24945 21124 17385 13793 10500 7889 110588 100928 95391 29800 26078 22451 18975 15749 12963 10956 158829 137359 125253 31128 27586 24186 20999 18137 15778 14176 179467 183367 159906 29411 26249 23345 20809 18788 35117 169644 174122 178458 184019 28569 25926 23668 21913 51086 117479 167211 171282 175287 28678 26654 25109 63398 120879 170816 170305 172939 28352 73555 124279 169469 12345000
36235 171454 342678 300074 6800 7889 256886 12472 8693 5250 3400 5250 8693 212705 16000 12000 8000 4000 0 4000 8000 12000 163743 24240 20287 16357 12472 8693 5250 35490 16357 81815 95339 28814 24945 21124 17385 13793 10500 87806 77686 47963 33586 29800 26078 22451 18975 15749 12963 135669 108805 96498 34770 31128 27586 24186 20999 18137 103263 163660 153504 126256 32757 29411 26249 23345 20809 118167 163849 161846 164229 168909 31499 28569 25926 111152 131260 160187 174235 169356 166062 31088 65226 122318 143001 167672 190488 178966 173679 132614 153663 174355 193888 12345000
39812 131126 331744 290343 7889 6800 248583 16357 12472 8693 5250 3400 5250 206228 20000 16000 12000 8000 4000 0 4000 8000 159743 28206 24240 20287 16357 12472 8693 8693 12472 80978 95372 32715 28814 24945 21124 17385 40902 16874 17385 21124 37417 33586 29800 26078 34746 61403 107185 87188 41048 22451 38483 34770 35491 54695 75369 112435 142112 140728 92438 55848 54546 68833 86517 117685 144272 156124 159408 149229 145728 145299 96088 122934 147606 155714 169351 185427 179273 165574 155305 151548 157428 166667 181094 194341 201169 182673 171024 177240 188928 202515 201826 12345000
121802 21905 319508 279488 10500 7889 239347 20287 16357 12472 8693 5250 3400 199114 24000 20000 16000 12000 8000 4000 0 4000 155743 32180 28206 24240 20287 16357 67979 5250 8693 82104 97185 36637 32715 34032 80451 85300 95724 10500 13793 28263 57131 92923 94457 97853 104417 117125 144551 12963 15749 18975 106424 108743 113109 120859 134851 160564 164046 63645 18137 20999 126898 135448 150087 166857 169296 175353 141795 121068 100396 20809 163525 172864 174546 178750 187172 194168 168829 145195 127179 179795 182770 188629 194930 202641 194761 168567 148595 197475 202057 210852 190850 12345000
153425 19630 305414 267053 13793 10500 228803 24240 20287 16357 12472 8693 5250 191074 28000 24000 20000 16000 12000 8000 4000 0 151743 36160 32180 30201 38241 55418 81542 3400 5250 87935 102380 75705 90429 97899 100889 106278 115831 7889 10500 49810 114736 116118 118751 123200 130472 142540 163913 10956 12963 15749 133387 136955 142547 151232 165032 177458 179643 14176 15778 18137 159925 169670 184401 184601 186296 190450 118989 75692 30453 18788 191251 191289 192556 195700 199959 200611 154352 114457 79092 198568 200950 204927 204527 206835 183187 146921 112442 208954 209788 209237 172200 12345000
302935 67727 20999 15749 219465 225715 10500 193502 191403 189764 188778 188760 190273 5250 179743 175743 171743 167743 163743 159743 155743 151743 0 218702 221738 226159 232436 234470 235403 116006 101912 8693 5250 269055 268971 266968 265118 263681 262779 17385 13793 10500 284917 283066 281529 280365 279648 279448 279798 18975 15749 12963 296006 294827 293963 291617 281282 268499 251229 20999 18137 67986 293755 283029 269833 252301 226053 216110 29411 26249 23345 32296 254809 229487 224802 221445 216173 211027 34643 31499 28569 230373 225325 220357 215537 147806 39880 36748 33800 220253 57594 45120 41998 12345000
15778 209509 380159 332521 26078 29800 283627 13793 17385 21124 24945 28814 32715 232957 8693 12472 16357 20287 24240 28206 32180 36160 218702 0 4000 8000 12000 16000 20000 140479 144479 196519 200519 5250 3400 5250 8693 12472 16357 176803 177756 179236 10500 7889 6800 7889 10500 13793 17385 212592 209804 208261 12963 10956 10200 10956 12963 15749 18975 210721 219322 227419 14176 13600 14176 15778 18137 20999 171259 187692 196938 205688 17000 17464 18788 20809 23345 26249 109966 137729 160908 20788 21913 23668 25926 28569 31499 52367 105583 26654 28678 31088 33800 12345000
18137 205304 372268 325317 22451 26078 277173 10500 13793 17385 21124 24945 28814 227319 5250 8693 12472 16357 20287 24240 28206 32180 221738 4000 0 4000 8000 12000 16000 136479 140479 192519 196519 8693 5250 3400 5250 8693 12472 171530 172283 173653 13793 10500 7889 6800 7889 10500 13793 206729 203324 201426 15749 12963 10956 10200 10956 12963 15749 205511 214447 222820 15778 14176 13600 14176 15778 18137 172940 182960 192432 201394 17464 17000 17464 18788 20809 23345 117156 145851 169089 20400 20788 21913 23668 25926 28569 75034 117355 25109 26654 28678 31088 12345000
20999 201164 363960 317746 18975 22451 270414 7889 10500 13793 17385 21124 24945 221455 3400 5250 8693 12472 16357 20287 24240 30201 226159 8000 4000 0 4000 8000 12000 132479 136479 188519 192519 12472 8693 5250 3400 5250 8693 165966 166497 167763 17385 13793 10500 7889 6800 7889 10500 200517 196354 194057 18975 15749 12963 10956 10200 10956 12963 200201 209497 218172 18137 15778 14176 13600 14176 15778 168272 178389 188026 197171 18788 17464 17000 17464 18788 20809 131301 157919 170255 20788 20400 20788 21913 23668 25926 102337 136550 24134 25109 26654 28678 12345000
24186 197146 355150 309736 15749 18975 263286 6800 7889 10500 13793 17385 21124 229315 5250 3400 5250 8693 12472 16357 20287 38241 232436 12000 8000 4000 0 4000 8000 128479 132479 184519 188519 16357 12472 8693 5250 3400 5250 159995 160288 161465 21124 17385 13793 10500 7889 6800 7889 193851 188723 185979 22451 18975 15749 12963 10956 10200 10956 194822 204488 213483 20999 18137 15778 14176 13600 14176 164264 174186 183839 193092 20809 18788 17464 17000 17464 18788 145037 156693 168154 21913 20788 20400 20788 21913 23668 141899 151712 23800 24134 25109 26654 12345000
27586 193357 345727 301186 12963 15749 255704 7889 6800 7889 10500 13793 17385 255549 8693 5250 3400 5250 8693 12472 16357 55418 234470 16000 12000 8000 4000 0 4000 124479 128479 180519 184519 20287 16357 12472 8693 5250 3400 153435 153481 154611 24945 21124 17385 13793 10500 7889 6800 186574 180166 176928 26078 22451 18975 15749 12963 10956 10200 189465 199462 205002 24186 20999 18137 15778 14176 13600 161691 170761 180099 189289 23345 20809 18788 17464 17000 47053 148220 157596 166940 23668 21913 20788 20400 30608 130091 148222 155481 24134 23800 24134 109663 12345000
31128 189991 335529 347467 10956 12963 309900 10500 7889 6800 7889 10500 13793 273969 12472 8693 5250 3400 5250 8693 67979 81542 235403 20000 16000 12000 8000 4000 0 120479 124479 176519 180519 24240 20287 16357 12472 8693 5250 145968 145789 146966 28814 24945 21124 17385 13793 10500 7889 178442 170236 166481 29800 26078 22451 18975 15749 12963 22872 184366 194531 192814 27586 24186 20999 18137 15778 47558 162234 168969 177257 186012 26249 23345 20809 18788 62242 114079 157921 162433 168040 25926 23668 33828 73201 117479 163217 161155 163595 49915 82192 120879 159741 12345000
197784 16772 279208 241885 15749 12963 203991 47963 21124 17385 13793 10500 7889 165581 107144 98247 88040 74123 35490 8693 5250 3400 116006 140479 136479 132479 128479 124479 120479 0 4000 56040 60040 154647 151889 149476 147576 146484 146773 5250 8693 12472 168662 167060 166103 166086 167523 171372 179657 7889 10500 13793 181892 182230 183845 187389 190722 187281 184709 15982 12963 15749 200781 199431 195973 193013 190918 190397 110449 72292 37929 15778 201513 198864 197014 196470 195795 194484 143614 104760 75692 202978 202336 201045 199254 199963 170062 134610 102625 204216 203862 193521 157195 12345000
212384 14791 255272 221299 18975 15749 186667 28814 24945 21124 17385 13793 10500 151577 98762 85916 69715 47141 16357 12472 8693 5250 101912 144479 140479 136479 132479 128479 124479 4000 0 52040 56040 161734 159145 156894 155119 154046 154069 3400 5250 19571 178308 176966 176238 176365 177736 181015 187439 6800 7889 10500 194093 194706 196479 199912 197640 194108 191095 10200 10956 12963 210086 206390 202913 199788 197239 195672 93505 38524 13600 14176 208481 205649 203390 202025 198523 195042 127354 71546 33617 209464 207807 203623 200291 198409 150333 101395 61090 205541 203385 169921 128284 12345000
246772 13774 32911 24186 128286 148343 18975 99513 98461 98504 100407 105874 119594 13793 133407 120280 104618 85030 81815 80978 82104 87935 8693 196519 192519 188519 184519 180519 176519 56040 52040 0 4000 212826 209903 207186 204741 202663 201099 8693 5250 3400 228493 226500 224871 223710 223169 223465 224923 10500 7889 6800 242230 241465 241280 235684 228834 220836 210617 12963 10956 10200 240406 233308 225000 214452 209879 207417 24812 18137 15778 14176 221776 218777 216110 212526 207071 201862 30062 23345 20809 221531 216355 211319 206548 186374 35312 28569 25926 211426 175984 40561 33800 12345000
232827 14941 26249 20999 156149 173952 15749 117472 117511 118738 121800 127945 139920 10500 135468 122986 108434 96366 95339 95372 97185 102380 5250 200519 196519 192519 188519 184519 180519 60040 56040 4000 0 212430 209038 205746 202580 199576 196785 12472 8693 5250 223353 220363 217507 214809 212290 209965 207820 13793 10500 7889 230252 227492 223870 220166 216554 213072 209783 15749 12963 10956 229200 225666 222255 219015 216014 213362 24186 20999 18137 15778 228122 225088 222321 217589 212007 206511 29411 26249 23345 226281 221017 215809 210735 86071 34643 31499 28569 209173 43156 39880 36748 12345000
10956 203640 375644 327794 31128 34770 278774 18975 22451 26078 29800 33586 37417 288266 13793 17385 21124 24945 28814 32715 36637 75705 269055 5250 8693 12472 16357 20287 24240 154647 161734 212826 212430 0 4000 8000 12000 16000 20000 193235 197235 201235 5250 3400 5250 8693 12472 16357 20287 226991 228072 229619 7889 6800 7889 10500 13793 17385 21124 219541 227389 234335 10200 10956 12963 15749 18975 22451 158665 173524 186709 198598 14176 15778 18137 20999 24186 27586 91943 118941 138780 18788 20809 23345 26249 29411 32757 36235 69172 25926 28569 31499 34643 12345000
12963 204262 367623 320406 27586 31128 272061 15749 18975 22451 26078 29800 33586 294256 10500 13793 17385 21124 24945 28814 32715 90429 268971 3400 5250 8693 12472 16357 20287 151889 159145 209903 209038 4000 0 4000 8000 12000 16000 189235 193235 197235 8693 5250 3400 5250 8693 12472 16357 222004 222888 224316 10500 7889 6800 7889 10500 13793 17385 215015 222661 229842 10956 10200 10956 12963 15749 18975 158292 173656 187130 199178 13600 14176 15778 18137 20999 24186 96889 121421 141848 17464 18788 20809 23345 26249 29411 33439 79043 23668 25926 28569 31499 12345000
15749 205700 359178 312644 24186 27586 320096 12963 15749 18975 22451 26078 29800 297690 7889 10500 13793 17385 21124 24945 34032 97899 266968 5250 3400 5250 8693 12472 16357 149476 156894 207186 205746 8000 4000 0 4000 8000 12000 185235 189235 193235 12472 8693 5250 3400 5250 8693 12472 216822 217484 218785 13793 10500 7889 6800 7889 10500 13793 209835 217828 225281 12963 10956 10200 10956 12963 15749 159290 175018 188647 200736 14176 13600 14176 15778 18137 20999 100940 126084 146861 17000 17464 18788 20809 23345 26249 43860 95608 21913 23668 25926 28569 12345000
18975 201329 350222 359939 20999 24186 329692 10956 12963 15749 18975 22451 26078 302131 6800 7889 10500 13793 17385 21124 80451 100889 265118 8693 5250 3400 5250 8693 12472 147576 155119 204741 202580 12000 8000 4000 0 4000 8000 181235 185235 189235 16357 12472 8693 5250 3400 5250 8693 211384 211790 212964 17385 13793 10500 7889 6800 7889 10500 204468 212871 220641 15749 12963 10956 10200 10956 12963 162566 178266 188769 197540 15778 14176 13600 14176 15778 18137 108842 134375 154858 17464 17000 17464 18788 20809 23345 69784 108664 20788 21913 23668 25926 12345000
22451 196967 404808 370711 18137 20999 338089 10200 10956 12963 15749 18975 22451 307830 7889 6800 7889 10500 13793 17385 85300 106278 263681 12472 8693 5250 3400 5250 8693 146484 154046 202663 199576 16000 12000 8000 4000 0 4000 177235 181235 185235 20287 16357 12472 8693 5250 3400 5250 205596 205707 206757 21124 17385 13793 10500 7889 6800 7889 198879 207765 215906 18975 15749 12963 10956 10200 10956 163855 174267 183993 193056 18137 15778 14176 13600 14176 15778 126051 149389 164556 18788 17464 17000 17464 18788 20809 103316 131301 20400 20788 21913 23668 12345000
26078 192656 420034 383644 15778 18137 348404 10956 10200 10956 12963 15749 21994 314668 10500 7889 6800 7889 10500 40902 95724 115831 262779 16357 12472 8693 5250 3400 5250 146773 154069 201099 196785 20000 16000 12000 8000 4000 0 173235 177235 181235 24240 20287 16357 12472 8693 5250 3400 199315 199082 200030 24945 21124 17385 13793 10500 7889 6800 193039 202487 211062 22451 18975 15749 12963 10956 10200 159166 169449 179333 188634 20999 18137 15778 14176 13600 14176 140892 151444 162640 20809 18788 17464 17000 17464 110791 139692 147549 20788 20400 20788 86623 12345000
222363 11741 204568 176374 20999 18137 147083 113558 96498 59202 18975 15749 12963 22451 153339 144515 128916 110588 87806 16874 10500 7889 17385 176803 171530 165966 159995 153435 145968 5250 3400 8693 12472 193235 189235 185235 181235 177235 173235 0 4000 8000 209469 206669 204128 201944 200264 199332 199282 3400 5250 8693 223521 219181 214812 210416 206006 201613 197310 6800 7889 10500 218128 213923 209783 205772 202008 198725 80255 25225 10200 10956 214410 210750 207417 203500 197818 192723 112194 50122 20542 212630 207295 202228 197717 194288 128860 72523 40185 202825 199538 142557 93218 12345000
228666 10360 34643 29411 24186 20999 24186 97238 78472 26078 22451 18975 15749 18975 149666 136215 119953 100928 77686 17385 13793 10500 13793 177756 172283 166497 160288 153481 145789 8693 5250 5250 8693 197235 193235 189235 185235 181235 177235 4000 0 4000 215918 213211 210754 208627 206950 205908 205270 5250 3400 5250 229283 225077 220859 216633 212407 208203 204065 7889 6800 7889 224561 220488 216474 212560 208821 205394 19562 12963 10956 10200 221247 217618 214233 208896 202971 197234 24812 18137 15778 217589 212111 206735 201618 175850 30062 23345 20809 206339 163104 35312 28569 12345000
234719 10432 31499 26249 63603 93586 20999 60435 33586 32481 36956 47021 73625 15749 144973 130532 114223 95391 47963 21124 28263 49810 10500 179236 173653 167763 161465 154611 146966 12472 19571 3400 5250 201235 197235 193235 189235 185235 181235 8000 4000 0 222023 219370 216952 214839 213125 211956 210845 8693 5250 3400 234834 230734 226634 222537 218454 214398 210400 10500 7889 6800 230721 226758 222849 219025 215337 211871 18975 15749 12963 10956 227809 224223 220274 214383 208411 196657 24186 20999 18137 222627 217104 211100 177777 32757 29411 26249 23345 156658 37949 34643 31499 12345000
6800 187373 372337 324424 36235 39812 341572 24186 27586 31128 34770 38483 42249 320763 18975 22451 26078 29800 33586 37417 57131 114736 284917 10500 13793 17385 21124 24945 28814 168662 178308 228493 223353 5250 8693 12472 16357 20287 24240 209469 215918 222023 0 4000 8000 12000 16000 20000 24000 240124 244124 248124 3400 5250 8693 12472 16357 20287 24240 211178 218289 224983 7889 10500 13793 17385 21124 24945 152178 163577 173884 183327 12963 15749 18975 22451 26078 29800 78409 101186 120707 18137 20999 24186 27586 31128 34770 38483 45445 26249 29411 32757 36235 12345000
7889 185946 364217 372411 32757 36235 346868 20999 24186 27586 31128 34770 38483 324187 15749 18975 22451 26078 29800 33586 92923 116118 283066 7889 10500 13793 17385 21124 24945 167060 176966 226500 220363 3400 5250 8693 12472 16357 20287 206669 213211 219370 4000 0 4000 8000 12000 16000 20000 236124 240124 244124 5250 3400 5250 8693 12472 16357 20287 208070 215343 222149 6800 7889 10500 13793 17385 21124 149705 161572 172187 181833 10956 12963 15749 18975 22451 26078 78236 102524 122657 15778 18137 20999 24186 27586 31128 34770 48789 23345 26249 29411 32757 12345000
10500 184966 409865 380611 29411 32757 353226 18137 20999 24186 27586 31128 34770 328515 12963 15749 18975 22451 26078 29800 94457 118751 281529 6800 7889 10500 13793 17385 21124 166103 176238 224871 217507 5250 3400 5250 8693 12472 16357 204128 210754 216952 8000 4000 0 4000 8000 12000 16000 232124 236124 240124 8693 5250 3400 5250 8693 12472 16357 205148 212592 219508 7889 6800 7889 10500 13793 17385 147692 160049 170967 180797 10200 10956 12963 15749 18975 22451 79494 105467 123837 14176 15778 18137 20999 24186 27586 31128 54312 20809 23345 26249 29411 12345000
13793 184565 421305 390254 26249 29411 360876 15778 18137 20999 24186 27586 31128 330715 10956 12963 15749 18975 22451 26078 97853 123200 280365 7889 6800 7889 10500 13793 17385 166086 176365 223710 214809 8693 5250 3400 5250 8693 12472 201944 208627 214839 12000 8000 4000 0 4000 8000 12000 228124 232124 236124 12472 8693 5250 3400 5250 8693 12472 202476 210094 217113 10500 7889 6800 7889 10500 13793 146376 159208 170392 180361 10956 10200 10956 12963 15749 18975 83251 108522 126314 13600 14176 15778 18137 20999 24186 27586 63432 18788 20809 23345 26249 12345000
17385 184934 434654 401669 23345 26249 370125 14176 15778 18137 20999 24186 27586 333123 10200 10956 12963 15749 18975 34746 104417 130472 279648 10500 7889 6800 7889 10500 13793 167523 177736 223169 212290 12472 8693 5250 3400 5250 8693 200264 206950 213125 16000 12000 8000 4000 0 4000 8000 224124 228124 232124 16357 12472 8693 5250 3400 5250 8693 200157 207936 215040 13793 10500 7889 6800 7889 10500 146192 159387 170725 180735 12963 10956 10200 10956 12963 15749 90715 112729 130712 14176 13600 14176 15778 18137 20999 34386 79291 17464 18788 20809 23345 12345000
21124 186358 450370 415304 20809 23345 377244 13600 14176 15778 18137 20999 45185 336953 10956 10200 10956 12963 15749 61403 117125 142540 279448 13793 10500 7889 6800 7889 10500 171372 181015 223465 209965 16357 12472 8693 5250 3400 5250 199332 205908 211956 20000 16000 12000 8000 4000 0 4000 220124 224124 228124 20287 16357 12472 8693 5250 3400 5250 198351 206250 213395 17385 13793 10500 7889 6800 7889 148015 161184 172398 182241 15749 12963 10956 10200 10956 12963 99204 120858 138168 15778 14176 13600 14176 15778 18137 64534 98705 17000 17464 18788 20809 12345000
24945 189292 467991 426663 18788 20809 384914 14176 13600 14176 15778 38119 112435 342715 12963 10956 10200 10956 12963 107185 144551 163913 279798 17385 13793 10500 7889 6800 7889 179657 187439 224923 207820 20287 16357 12472 8693 5250 3400 199282 205270 210845 24000 20000 16000 12000 8000 4000 0 216124 220124 224124 24240 20287 16357 12472 8693 5250 3400 197339 205248 212344 21124 17385 13793 10500 7889 6800 153874 165787 176175 185408 18975 15749 12963 10956 10200 10956 120801 136990 151000 18137 15778 14176 13600 14176 15778 109286 126051 17464 17000 17464 18788 12345000
232858 8947 39880 34643 23345 20809 29411 171719 154811 134814 92438 18137 15778 24186 192464 185408 177694 158829 135669 87188 12963 10956 18975 212592 206729 200517 193851 186574 178442 7889 6800 10500 13793 226991 222004 216822 211384 205596 199315 3400 5250 8693 240124 236124 232124 228124 224124 220124 216124 0 4000 8000 235814 231479 227089 222630 218083 213424 208618 3400 5250 8693 228410 223917 219376 214795 210195 205642 14313 7889 6800 7889 222427 218114 212677 206278 199719 193176 19562 12963 10956 214270 208411 202574 196942 160997 24812 18137 15778 201374 145783 30062 23345 12345000
238714 7038 36748 31499 26249 23345 26249 146052 124470 97700 24186 20999 18137 20999 182708 173658 160338 137359 108805 41048 15749 12963 15749 209804 203324 196354 188723 180166 170236 10500 7889 7889 10500 228072 222888 217484 211790 205707 199082 5250 3400 5250 244124 240124 236124 232124 228124 224124 220124 4000 0 4000 240878 236647 232382 228075 223715 219290 214783 5250 3400 5250 234414 230089 224654 218191 211041 202825 13793 10500 7889 6800 220773 213010 202845 190722 175200 152632 18975 15749 12963 194092 180077 161324 132150 27586 24186 20999 18137 36235 32757 29411 26249 12345000
238163 7143 69838 54642 29411 26249 38377 128257 105191 43250 27586 24186 20999 20441 176335 166370 148961 125253 96498 22451 18975 15749 12963 208261 201426 194057 185979 176928 166481 13793 10500 6800 7889 229619 224316 218785 212964 206757 200030 8693 5250 3400 248124 244124 240124 236124 232124 228124 224124 8000 4000 0 245802 241651 237480 233285 229060 223611 217155 8693 5250 3400 232184 225845 219033 211581 203226 193531 17385 13793 10500 7889 209888 199472 187419 173012 154844 129962 22451 18975 15749 171372 154101 131633 72414 31128 27586 24186 20999 39812 36235 32757 29411 12345000
3400 171103 425933 398711 37949 41378 373349 26249 29411 32757 36235 39812 43463 345551 20999 24186 27586 31128 34770 38483 106424 133387 296006 12963 15749 18975 22451 26078 29800 181892 194093 242230 230252 7889 10500 13793 17385 21124 24945 223521 229283 234834 3400 5250 8693 12472 16357 20287 24240 235814 240878 245802 0 4000 8000 12000 16000 20000 24000 201691 205691 209691 5250 8693 12472 16357 20287 24240 145793 153809 161201 168105 10500 13793 17385 21124 24945 28814 68677 85642 100426 15749 18975 22451 26078 29800 33586 37417 41280 24186 27586 31128 34770 12345000
5250 168407 436156 407367 34643 37949 380289 23345 26249 29411 32757 36235 39812 347006 18137 20999 24186 27586 31128 34770 108743 136955 294827 10956 12963 15749 18975 22451 26078 182230 194706 241465 227492 6800 7889 10500 13793 17385 21124 219181 225077 230734 5250 3400 5250 8693 12472 16357 20287 231479 236647 241651 4000 0 4000 8000 12000 16000 20000 197691 201691 205691 3400 5250 8693 12472 16357 20287 142422 150740 158331 165366 7889 10500 13793 17385 21124 24945 66909 84936 100366 12963 15749 18975 22451 26078 29800 33586 37417 20999 24186 27586 31128 12345000
8693 165935 447961 417501 31499 34643 386409 20809 23345 26249 29411 32757 36235 349425 15778 18137 20999 24186 27586 35491 113109 142547 293963 10200 10956 12963 15749 18975 22451 183845 196479 241280 223870 7889 6800 7889 10500 13793 17385 214812 220859 226634 8693 5250 3400 5250 8693 12472 16357 227089 232382 237480 8000 4000 0 4000 8000 12000 16000 193691 197691 201691 5250 3400 5250 8693 12472 16357 139225 147882 155686 162853 6800 7889 10500 13793 17385 21124 65850 85095 101196 10956 12963 15749 18975 22451 26078 29800 33586 18137 20999 24186 27586 12345000
12472 163750 461684 429432 28569 31499 391319 18788 20809 23345 26249 29411 32757 353080 14176 15778 18137 20999 24186 54695 120859 151232 291617 10956 10200 10956 12963 15749 18975 187389 199912 235684 220166 10500 7889 6800 7889 10500 13793 210416 216633 222537 12472 8693 5250 3400 5250 8693 12472 222630 228075 233285 12000 8000 4000 0 4000 8000 12000 189691 193691 197691 8693 5250 3400 5250 8693 12472 136284 145318 153341 160632 7889 6800 7889 10500 13793 17385 65936 86540 103280 10200 10956 12963 15749 18975 22451 26078 37544 15778 18137 20999 24186 12345000
16357 161940 476683 437469 25926 28569 394713 17464 18788 20809 23345 26249 61847 350995 13600 14176 15778 18137 20999 75369 134851 165032 281282 12963 10956 10200 10956 12963 15749 190722 197640 228834 216554 13793 10500 7889 6800 7889 10500 206006 212407 218454 16357 12472 8693 5250 3400 5250 8693 218083 223715 229060 16000 12000 8000 4000 0 4000 8000 185691 189691 193691 12472 8693 5250 3400 5250 8693 133746 143180 151411 158801 10500 7889 6800 7889 10500 13793 68076 90051 107230 10956 10200 10956 12963 15749 18975 22451 45619 14176 15778 18137 20999 12345000
20287 160640 471101 429166 23668 25926 386703 17000 17464 18788 20809 23345 117685 343665 14176 13600 14176 15778 18137 112435 160564 177458 268499 15749 12963 10956 10200 10956 12963 187281 194108 220836 213072 17385 13793 10500 7889 6800 7889 201613 208203 214398 20287 16357 12472 8693 5250 3400 5250 213424 219290 223611 20000 16000 12000 8000 4000 0 4000 181691 185691 189691 16357 12472 8693 5250 3400 5250 131891 141695 150077 157504 13793 10500 7889 6800 7889 10500 74558 96755 111364 12963 10956 10200 10956 12963 15749 23411 60239 13600 14176 15778 18137 12345000
24240 160051 460247 419301 33828 111152 377762 17464 17000 17464 48070 121713 155946 335593 15778 14176 13600 14176 103263 142112 164046 179643 251229 18975 15749 12963 10956 10200 22872 184709 191095 210617 209783 21124 17385 13793 10500 7889 6800 197310 204065 210400 24240 20287 16357 12472 8693 5250 3400 208618 214783 217155 24000 20000 16000 12000 8000 4000 0 177691 181691 185691 20287 16357 12472 8693 5250 3400 131335 141285 149644 156973 17385 13793 10500 7889 6800 7889 87148 104036 117656 15749 12963 10956 10200 10956 12963 59285 86608 14176 13600 14176 15778 12345000
192793 6736 41998 36748 134648 71534 31499 193949 182161 168909 155189 119688 33713 26249 198158 193376 188969 179467 163660 140728 63645 14176 20999 210721 205511 200201 194822 189465 184366 15982 10200 12963 15749 219541 215015 209835 204468 198879 193039 6800 7889 10500 211178 208070 205148 202476 200157 198351 197339 3400 5250 8693 201691 197691 193691 189691 185691 181691 177691 0 4000 8000 187988 183020 177834 172346 166418 159074 8693 5250 3400 5250 169877 162218 153572 143413 130707 112981 13793 10500 7889 143179 130924 114883 63721 22451 18975 15749 12963 31128 27586 24186 20999 12345000
193102 3854 42338 33800 28569 25926 28569 199994 178997 152050 97687 23345 20809 23345 207835 203224 198825 183367 153504 92438 18137 15778 18137 219322 214447 209497 204488 199462 194531 12963 10956 10956 12963 227389 222661 217828 212871 207765 202487 7889 6800 7889 218289 215343 212592 210094 207936 206250 205248 5250 3400 5250 205691 201691 197691 193691 189691 185691 181691 4000 0 4000 188027 182748 177202 171295 164877 156725 12472 8693 5250 3400 163325 154733 144991 133567 119505 96548 17385 13793 10500 127707 109020 77975 29800 26078 22451 18975 15749 34770 31128 27586 24186 12345000
193981 4042 203587 173150 31499 28569 141338 173681 148052 116193 39024 26249 23345 107356 209748 198994 186386 159906 126256 55848 20999 18137 67986 227419 222820 218172 213483 205002 192814 15749 12963 10200 10956 234335 229842 225281 220641 215906 211062 10500 7889 6800 224983 222149 219508 217113 215040 213395 212344 8693 5250 3400 209691 205691 201691 197691 193691 189691 185691 8000 4000 0 188730 183260 177509 171385 164664 156233 16357 12472 8693 5250 158875 149804 139588 127764 111670 85571 21124 17385 31262 110435 87993 57259 33586 29800 26078 22451 68989 38483 34770 31128 45055 12345000
4000 147733 472448 440860 36748 39880 404238 25926 28569 31499 34643 37949 41378 364512 20809 23345 26249 29411 32757 54546 126898 159925 293755 14176 15778 18137 20999 24186 27586 200781 210086 240406 229200 10200 10956 12963 15749 18975 22451 218128 224561 230721 7889 6800 7889 10500 13793 17385 21124 228410 234414 232184 5250 3400 5250 8693 12472 16357 20287 187988 188027 188730 0 4000 8000 12000 16000 20000 133918 137918 141918 145918 5250 8693 12472 16357 20287 24240 56890 68333 78385 10500 13793 17385 21124 24945 28814 32715 36637 18975 22451 26078 29800 12345000
8000 143733 485376 445998 33800 36748 402253 23668 25926 28569 31499 34643 40968 357967 18788 20809 23345 26249 29411 68833 135448 169670 283029 13600 14176 15778 18137 20999 24186 199431 206390 233308 225666 10956 10200 10956 12963 15749 18975 213923 220488 226758 10500 7889 6800 7889 10500 13793 17385 223917 230089 225845 8693 5250 3400 5250 8693 12472 16357 183020 182748 183260 4000 0 4000 8000 12000 16000 129918 133918 137918 141918 3400 5250 8693 12472 16357 20287 54252 66385 76837 7889 10500 13793 17385 21124 24945 28814 32715 15749 18975 22451 26078 12345000
12000 139733 480496 437859 31088 33800 394713 21913 23668 25926 28569 31499 75145 351005 17464 18788 20809 23345 26249 86517 150087 184401 269833 14176 13600 14176 15778 18137 20999 195973 202913 225000 222255 12963 10956 10200 10956 12963 15749 209783 216474 222849 13793 10500 7889 6800 7889 10500 13793 219376 224654 219033 12472 8693 5250 3400 5250 8693 12472 177834 177202 177509 8000 4000 0 4000 8000 12000 125918 129918 133918 137918 5250 3400 5250 8693 12472 16357 52070 65006 75879 6800 7889 10500 13793 17385 21124 24945 28814 12963 15749 18975 22451 12345000
16000 135733 470695 428851 28678 31088 386455 20788 21913 23668 25926 28569 122934 343460 17000 17464 18788 20809 23345 117685 166857 184601 252301 15778 14176 13600 14176 15778 18137 193013 199788 214452 219015 15749 12963 10956 10200 10956 12963 205772 212560 219025 17385 13793 10500 7889 6800 7889 10500 214795 218191 211581 16357 12472 8693 5250 3400 5250 8693 172346 171295 171385 12000 8000 4000 0 4000 8000 121918 125918 129918 133918 8693 5250 3400 5250 8693 12472 50631 64486 75761 7889 6800 7889 10500 13793 17385 21124 24945 10956 12963 15749 18975 12345000
20000 131733 459338 418537 26654 28678 377122 20400 20788 21913 23668 117488 157409 335051 17464 17000 17464 18788 20809 144272 169296 186296 226053 18137 15778 14176 13600 14176 15778 190918 197239 209879 216014 18975 15749 12963 10956 10200 10956 202008 208821 215337 21124 17385 13793 10500 7889 6800 7889 210195 211041 203226 20287 16357 12472 8693 5250 3400 5250 166418 164877 164664 16000 12000 8000 4000 0 4000 117918 121918 125918 129918 12472 8693 5250 3400 5250 8693 50552 65355 76902 10500 7889 6800 7889 10500 13793 17385 24320 10200 10956 12963 15749 12345000
